time_s,tick,phase,command.steering_deg,command.throttle,command.brake,command.direction,state.position.0,state.position.1,state.position.2,state.heading,state.speed,state.pitch,state.roll,state.surface,state.steering,state.throttle,state.brake,state.rpm,state.gear,state.acceleration,state.lateral_acceleration,state.dynamics.aerodynamic_force,state.dynamics.rolling_force,state.dynamics.grade_force,state.dynamics.front_load,state.dynamics.rear_load,state.dynamics.yaw_rate,state.dynamics.sideslip,state.dynamics.traction_limited,state.dynamics.road_grade,state.active,state.generation,state.signal,state.velocity.0,state.velocity.1,state.velocity.2,state.hazards,state.wheel_contacts.0.in_contact,state.wheel_contacts.0.contact_point.0,state.wheel_contacts.0.contact_point.1,state.wheel_contacts.0.contact_point.2,state.wheel_contacts.0.contact_normal.0,state.wheel_contacts.0.contact_normal.1,state.wheel_contacts.0.contact_normal.2,state.wheel_contacts.0.suspension_force,state.wheel_contacts.0.normal_load,state.wheel_contacts.0.suspension_length,state.wheel_contacts.0.compression,state.wheel_contacts.0.skid,state.wheel_contacts.0.surface,state.wheel_contacts.1.in_contact,state.wheel_contacts.1.contact_point.0,state.wheel_contacts.1.contact_point.1,state.wheel_contacts.1.contact_point.2,state.wheel_contacts.1.contact_normal.0,state.wheel_contacts.1.contact_normal.1,state.wheel_contacts.1.contact_normal.2,state.wheel_contacts.1.suspension_force,state.wheel_contacts.1.normal_load,state.wheel_contacts.1.suspension_length,state.wheel_contacts.1.compression,state.wheel_contacts.1.skid,state.wheel_contacts.1.surface,state.wheel_contacts.2.in_contact,state.wheel_contacts.2.contact_point.0,state.wheel_contacts.2.contact_point.1,state.wheel_contacts.2.contact_point.2,state.wheel_contacts.2.contact_normal.0,state.wheel_contacts.2.contact_normal.1,state.wheel_contacts.2.contact_normal.2,state.wheel_contacts.2.suspension_force,state.wheel_contacts.2.normal_load,state.wheel_contacts.2.suspension_length,state.wheel_contacts.2.compression,state.wheel_contacts.2.skid,state.wheel_contacts.2.surface,state.wheel_contacts.3.in_contact,state.wheel_contacts.3.contact_point.0,state.wheel_contacts.3.contact_point.1,state.wheel_contacts.3.contact_point.2,state.wheel_contacts.3.contact_normal.0,state.wheel_contacts.3.contact_normal.1,state.wheel_contacts.3.contact_normal.2,state.wheel_contacts.3.suspension_force,state.wheel_contacts.3.normal_load,state.wheel_contacts.3.suspension_length,state.wheel_contacts.3.compression,state.wheel_contacts.3.skid,state.wheel_contacts.3.surface,state.contact_tick,state.wheel_dynamics.0.omega,state.wheel_dynamics.0.rotation,state.wheel_dynamics.0.relative_omega,state.wheel_dynamics.0.longitudinal_speed,state.wheel_dynamics.0.lateral_speed,state.wheel_dynamics.0.kappa,state.wheel_dynamics.0.alpha,state.wheel_dynamics.0.fx,state.wheel_dynamics.0.fy,state.wheel_dynamics.0.drive_torque,state.wheel_dynamics.0.brake_capacity,state.wheel_dynamics.0.brake_torque,state.wheel_dynamics.0.normal_load,state.wheel_dynamics.0.road_support,state.wheel_dynamics.0.steering,state.wheel_dynamics.0.force_contact_tick,state.wheel_dynamics.0.force_residual,state.wheel_dynamics.0.force_kappa,state.wheel_dynamics.0.force_alpha,state.wheel_dynamics.0.sample_support,state.wheel_dynamics.0.sample_tick,state.wheel_dynamics.1.omega,state.wheel_dynamics.1.rotation,state.wheel_dynamics.1.relative_omega,state.wheel_dynamics.1.longitudinal_speed,state.wheel_dynamics.1.lateral_speed,state.wheel_dynamics.1.kappa,state.wheel_dynamics.1.alpha,state.wheel_dynamics.1.fx,state.wheel_dynamics.1.fy,state.wheel_dynamics.1.drive_torque,state.wheel_dynamics.1.brake_capacity,state.wheel_dynamics.1.brake_torque,state.wheel_dynamics.1.normal_load,state.wheel_dynamics.1.road_support,state.wheel_dynamics.1.steering,state.wheel_dynamics.1.force_contact_tick,state.wheel_dynamics.1.force_residual,state.wheel_dynamics.1.force_kappa,state.wheel_dynamics.1.force_alpha,state.wheel_dynamics.1.sample_support,state.wheel_dynamics.1.sample_tick,state.wheel_dynamics.2.omega,state.wheel_dynamics.2.rotation,state.wheel_dynamics.2.relative_omega,state.wheel_dynamics.2.longitudinal_speed,state.wheel_dynamics.2.lateral_speed,state.wheel_dynamics.2.kappa,state.wheel_dynamics.2.alpha,state.wheel_dynamics.2.fx,state.wheel_dynamics.2.fy,state.wheel_dynamics.2.drive_torque,state.wheel_dynamics.2.brake_capacity,state.wheel_dynamics.2.brake_torque,state.wheel_dynamics.2.normal_load,state.wheel_dynamics.2.road_support,state.wheel_dynamics.2.steering,state.wheel_dynamics.2.force_contact_tick,state.wheel_dynamics.2.force_residual,state.wheel_dynamics.2.force_kappa,state.wheel_dynamics.2.force_alpha,state.wheel_dynamics.2.sample_support,state.wheel_dynamics.2.sample_tick,state.wheel_dynamics.3.omega,state.wheel_dynamics.3.rotation,state.wheel_dynamics.3.relative_omega,state.wheel_dynamics.3.longitudinal_speed,state.wheel_dynamics.3.lateral_speed,state.wheel_dynamics.3.kappa,state.wheel_dynamics.3.alpha,state.wheel_dynamics.3.fx,state.wheel_dynamics.3.fy,state.wheel_dynamics.3.drive_torque,state.wheel_dynamics.3.brake_capacity,state.wheel_dynamics.3.brake_torque,state.wheel_dynamics.3.normal_load,state.wheel_dynamics.3.road_support,state.wheel_dynamics.3.steering,state.wheel_dynamics.3.force_contact_tick,state.wheel_dynamics.3.force_residual,state.wheel_dynamics.3.force_kappa,state.wheel_dynamics.3.force_alpha,state.wheel_dynamics.3.sample_support,state.wheel_dynamics.3.sample_tick
0.050000000000,6,held_throttle,0.0,0.15,0.0,1,0.00088047597091645,2.082235097885132,0.4160292446613312,0.0025876499712467194,41.62919998168945,-0.0007022730424068868,0.004259290639311075,asphalt,0.0,0.15,0.0,4142.504155064913,2,-0.7383805513381958,-0.0760825052857399,728.0712366675438,160.0,-0.0,5927.729447867355,5844.270552132645,0.000846948241814971,0.02500328633539393,False,-0.0,True,0,0,0.015952160581946373,41.62919998168945,0.06127503141760826,False,True,-0.8392000198364258,3.182192087173462,-7.450580596923828e-09,0.0,0.0,1.0,3210.30615234375,3210.30615234375,0.3360781967639923,0.06392180919647217,0.0,asphalt,True,0.8407999277114868,3.1822681427001953,0.0,0.0,0.0,1.0,3233.258544921875,3233.258544921875,0.33595332503318787,0.06404668092727661,0.0,asphalt,True,-0.8391007781028748,0.9821920990943909,0.0,0.0,0.0,1.0,3205.174560546875,3205.174560546875,0.3361051380634308,0.06389486789703369,0.0,asphalt,True,0.8408992290496826,0.9822679162025452,7.450580596923828e-09,0.0,0.0,1.0,3228.127197265625,3228.127197265625,0.33598026633262634,0.06401973962783813,0.0,asphalt,246,126.18422114198681,6.311415605338177,126.18393943047037,41.62846374511719,0.01636561192572117,0.0002961731140008406,0.0003931351198255665,9.795754612564904,-20.939177791328262,0.0,0.0,-0.0,3245.14208984375,True,0.0,245,1.817850428319646e-05,0.0001480637864513786,0.00037979767121426854,True,246,126.18856098490136,6.311604691908941,126.18827927338492,41.629886627197266,0.01636561192572117,0.0002963855734384917,0.0003931216827277328,9.96748265665496,-21.25225245654507,0.0,0.0,-0.0,3266.5263671875,True,0.0,245,1.471772950197519e-05,0.00014967329936915405,0.000382952832557047,True,246,126.14163710693072,6.30933706249258,126.14135539541428,41.62846374511719,0.018225442618131638,-4.1401956137563416e-05,0.0004378120116380466,-12.518542808509608,-23.52194468292063,4.7371111745063,11.605049999999999,11.605049999999999,3240.46630859375,True,0.0,245,4.084487744872161e-05,-0.00018949268908347367,0.0004272618156710727,True,246,126.14602002873546,6.30952207239835,126.14573831721903,41.629886627197266,0.01822544075548649,-4.083647235904822e-05,0.0004377970027710614,-12.44265664983748,-23.87018222618344,4.7371111745063,11.605049999999999,11.605049999999999,3261.84765625,True,0.0,245,5.222476026538484e-05,-0.0001871092600227634,0.0004307452156259191,True,246
0.100000000000,12,held_throttle,0.0,0.15,0.0,1,0.0015750133898109198,4.162630081176758,0.4157203435897827,0.0048186928033828735,41.59278869628906,-0.0015613907016813755,0.009014117531478405,asphalt,0.0,0.15,0.0,6106.38139360841,2,-0.7232725620269775,-0.06508389860391617,726.793824026361,160.0,-0.0,5963.323995854374,5808.676004145626,0.0007355530397035182,0.02240067078263392,False,-0.0,True,0,0,0.012491193599998951,41.59278869628906,0.09095725417137146,False,True,-0.8385829329490662,5.262547969818115,-3.725290298461914e-08,0.0,0.0,1.0,3062.156494140625,3062.156494140625,0.33582255244255066,0.06417745351791382,0.0,asphalt,True,0.8414170742034912,5.262689590454102,7.450580596923828e-09,0.0,0.0,1.0,3081.761474609375,3081.761474609375,0.3355582058429718,0.06444180011749268,0.0,asphalt,True,-0.8383979201316833,3.0625481605529785,7.450580596923828e-09,0.0,0.0,1.0,3057.6943359375,3057.6943359375,0.3358824551105499,0.06411755084991455,0.0,asphalt,True,0.841602087020874,3.0626895427703857,1.1175870895385742e-08,0.0,0.0,1.0,3077.296630859375,3077.296630859375,0.33561816811561584,0.06438183784484863,0.0,asphalt,252,126.07535658129844,12.617624887469608,126.07513725430825,41.5921516418457,0.014779118821024895,0.0003057314777144155,0.0003553343026413588,9.890036650708687,-17.971215388974006,0.0,0.0,-0.0,3075.630859375,True,0.0,251,1.7360795868565525e-05,0.00015772756448513724,0.0003439290388925983,True,252,126.07914654380508,12.618018162428505,126.07892721681489,41.593387603759766,0.014779118821024895,0.00030607643256164223,0.0003553237437604126,10.051558028600896,-18.2183631615501,0.0,0.0,-0.0,3094.0927734375,True,0.0,251,1.4408449904925804e-05,0.00015934712556830432,0.00034657857282999676,True,252,126.04707433108368,12.613855682544013,126.04685500409349,41.5921516418457,0.016394346952438354,8.133475375450395e-05,0.0003941692231878727,-4.160891200640995,-20.097183255387375,7.203230205290043,11.605049999999999,11.605049999999999,3071.3349609375,True,0.0,251,1.8498093911758467e-06,-6.645132946713957e-05,0.000385153454921929,True,252,126.05088723601662,12.614246537015692,126.05066790902643,41.593387603759766,0.016394346952438354,8.186840076979693e-05,0.0003941575103141405,-4.032554429337415,-20.388174948418246,7.203230205290043,11.605049999999999,11.605049999999999,3089.796630859375,True,0.0,251,4.21561075087452e-06,-6.401689668620411e-05,0.00038839560726773933,True,252
0.150000000000,18,held_throttle,0.0,0.15,0.0,1,0.00211003003641963,6.241213798522949,0.4165111184120178,0.0067619155161082745,41.55653381347656,-0.0022619746159762144,0.012674503959715366,asphalt,0.0,0.15,0.0,7294.514717261935,2,-0.7287589907646179,-0.05759879946708679,725.5291196871036,160.0,-0.0,5988.441807294935,5783.558192705065,0.0006416512187570333,0.020142547436386007,False,-0.0,True,0,0,0.009471451863646507,41.55653381347656,0.10419417172670364,False,True,-0.8381118774414062,7.341098308563232,-1.1175870895385742e-08,0.0,0.0,1.0,2980.629638671875,2980.629638671875,0.3366535007953644,0.0633465051651001,0.0,asphalt,True,0.8418880701065063,7.341296672821045,-1.1175870895385742e-08,0.0,0.0,1.0,3003.1279296875,3003.1279296875,0.3362818658351898,0.06371814012527466,0.0,asphalt,True,-0.8378522396087646,5.141098499298096,-1.4901161193847656e-08,0.0,0.0,1.0,2974.9755859375,2974.9755859375,0.3367403447628021,0.06325966119766235,0.0,asphalt,True,0.842147707939148,5.141296863555908,-1.862645149230957e-08,0.0,0.0,1.0,2997.473388671875,2997.473388671875,0.33636870980262756,0.06363129615783691,0.0,asphalt,258,125.9665187856098,18.91840003614195,125.96632723359826,41.55598068237305,0.013501767069101334,0.00031212154460562904,0.0003249054978921511,10.024602265237498,-15.945869918141517,0.0,0.0,-0.0,2993.539306640625,True,0.0,257,1.7201612950273193e-05,0.00016425760271862678,0.0003135365991463671,True,258,125.96979250223883,18.918970831093436,125.9696009502273,41.55705642700195,0.013501767069101334,0.0003122237196866521,0.00032489708739945236,10.177639408559639,-16.18347178155665,0.0,0.0,-0.0,3015.971923828125,True,0.0,257,1.456483192734392e-05,0.00016552488272377996,0.0003158416883934097,True,258,125.92736669595081,18.912980798521307,125.92717514393928,41.55598068237305,0.014910810627043247,1.2110721464396767e-06,0.00035881261234350237,-8.90788153582901,-17.746162901006606,4.910857490052554,11.605049999999999,11.605049999999999,2988.116455078125,True,0.0,257,1.4903204908528475e-05,-0.00014622472084152268,0.00034956870481054513,True,258,125.93074723603829,18.913550422112664,125.93055568402676,41.55705642700195,0.014910811558365822,2.1695687432574287e-06,0.00035880334654322596,-8.83309654814623,-18.015258421521686,4.910857490052554,11.605049999999999,11.605049999999999,3010.548828125,True,0.0,257,2.0220273542511192e-05,-0.00014391661844738397,0.00035222521170666984,True,258
0.200000000000,24,held_throttle,0.0,0.15,0.0,1,0.002503669122233987,8.317971229553223,0.4176970422267914,0.008460604585707188,41.51983642578125,-0.003018002025783062,0.014106118120253086,asphalt,0.0,0.15,0.0,8011.658044981658,2,-0.7369885444641113,-0.05179670825600624,724.2508796025405,160.0,-0.0,6006.990239152561,5765.009760847439,0.0005618060822598636,0.01809221851110347,False,-0.0,True,0,0,0.0067702666856348515,41.51983642578125,0.10521965473890305,False,True,-0.8377615213394165,9.417825698852539,3.725290298461914e-09,0.0,0.0,1.0,2917.702392578125,2917.702392578125,0.33784595131874084,0.06215405464172363,0.0,asphalt,True,0.8422384262084961,9.418073654174805,-1.862645149230957e-08,0.0,0.0,1.0,2938.22509765625,2938.22509765625,0.3374323546886444,0.06256765127182007,0.0,asphalt,True,-0.8374366760253906,7.217824935913086,7.450580596923828e-09,0.0,0.0,1.0,2910.4404296875,2910.4404296875,0.3379618227481842,0.06203818321228027,0.0,asphalt,True,0.842563271522522,7.218072891235352,-1.4901161193847656e-08,0.0,0.0,1.0,2930.963623046875,2930.963623046875,0.33754822611808777,0.06245177984237671,0.0,asphalt,264,125.85641067469032,25.213702990512168,125.85619895803165,41.51934814453125,0.012450512498617172,0.0003195468789725408,0.00029987253369388603,10.245203359311112,-14.402892385321836,0.0,0.0,-0.0,2926.135009765625,True,0.0,263,1.7688014398710947e-05,0.00017173907244906453,0.00028972098394887397,True,264,125.8592500140652,25.214427054643398,125.85903829740653,41.52029037475586,0.012450512498617172,0.00031941322582184706,0.0002998657286126766,10.377623170328974,-14.608633335877913,0.0,0.0,-0.0,2947.19140625,True,0.0,263,1.5239821257041996e-05,0.00017271602716200832,0.00029176009374151185,True,264,125.80488978885762,25.205970682899252,125.80467807219895,41.51934814453125,0.013684232719242573,-8.99463593511379e-05,0.00032958687540354115,-14.115732147160433,-15.937591415938146,3.2374367865668146,11.605049999999999,11.605049999999999,2919.159423828125,True,0.0,263,5.5127845819527315e-05,-0.00023718631666641376,0.0003213596599440036,True,264,125.807947206583,25.206701029462184,125.80773548992433,41.52029037475586,0.013684232719242573,-8.833745020485876e-05,0.0003295793960075555,-14.065431883300446,-16.15965026481077,3.2374367865668146,11.605049999999999,11.605049999999999,2940.2158203125,True,0.0,263,6.352947045502239e-05,-0.00023464841275599532,0.0003235036545291073,True,264
0.250000000000,30,held_throttle,0.0,0.15,0.0,1,0.0027701244689524174,10.3928861618042,0.4187486171722412,0.009950595907866955,41.48284912109375,-0.0038723605684936047,0.013405713252723217,asphalt,0.0,0.15,0.0,8443.165754886742,2,-0.7415570616722107,-0.0467291995882988,722.9625990759814,160.0,-0.0,6020.691489757472,5751.308510242528,0.0004934273310936987,0.016204501204569486,False,-0.0,True,0,0,0.0043345545418560505,41.48284912109375,0.09835030883550644,False,True,-0.8375188112258911,11.492712020874023,-1.4901161193847656e-08,0.0,0.0,1.0,2886.356689453125,2886.356689453125,0.3388707935810089,0.061129212379455566,0.0,asphalt,True,0.8424811363220215,11.493003845214844,-2.2351741790771484e-08,0.0,0.0,1.0,2903.053955078125,2903.053955078125,0.3384777009487152,0.06152230501174927,0.0,asphalt,True,-0.8371367454528809,9.292712211608887,3.725290298461914e-09,0.0,0.0,1.0,2877.3544921875,2877.3544921875,0.33901944756507874,0.06098055839538574,0.0,asphalt,True,0.842863142490387,9.293004035949707,1.1175870895385742e-08,0.0,0.0,1.0,2894.048828125,2894.048828125,0.3386264145374298,0.06137359142303467,0.0,asphalt,270,125.74504548457324,31.503464485351913,125.74482262458176,41.48241424560547,0.011376820504665375,0.00032425220538195496,0.0002742564632825982,10.403053960680916,-13.043188191832762,0.0,0.0,-0.0,2889.325439453125,True,0.0,269,1.7993538760777103e-05,0.00017660657776253237,0.0002657122008749255,True,270,125.74753785944368,31.504322479642575,125.7473149994522,41.48324203491211,0.011376820504665375,0.0003241178375835541,0.00027425099055324866,10.519253557385142,-13.210692599050267,0.0,0.0,-0.0,2906.67919921875,True,0.0,269,1.5696750809438642e-05,0.00017751312839914978,0.0002675178223879025,True,270,125.68499616198066,31.49290759141558,125.68477330198918,41.48241424560547,0.012460388243198395,-0.00015345086026470733,0.00030037759602589124,-17.638031858039923,-14.367552029566752,2.134249867410406,11.605049999999999,11.605049999999999,2880.607177734375,True,0.0,269,0.00010473314643830053,-0.00030033806203418474,0.000293579781808922,True,270,125.68773550631145,31.493782395380183,125.68751264631997,41.48324203491211,0.012460388243198395,-0.00015161104872263588,0.0003003716020549576,-17.604510619420704,-14.53970649009431,2.134249867410406,11.605049999999999,11.605049999999999,2897.960693359375,True,0.0,269,0.0001148339655295438,-0.00029797200886630366,0.0002953183766074131,True,270
0.300000000000,36,held_throttle,0.0,0.15,0.0,1,0.0029219400603324175,12.46591567993164,0.4193807542324066,0.011259821243584156,41.44296646118164,-0.005642700474709272,0.011610397137701511,asphalt,0.0,0.15,0.0,8700.3601296717,2,-0.9548680186271667,-0.04200269654393196,721.6352193938629,160.0,-0.0,6032.188548645439,5739.811451354561,0.00043301607365719974,0.014469635639400936,False,-0.0,True,0,0,0.0021422235295176506,41.44296646118164,0.08878545463085175,False,True,-0.8373791575431824,13.565709114074707,3.725290298461914e-09,0.0,0.0,1.0,2889.26123046875,2889.26123046875,0.339442640542984,0.06055736541748047,0.0,asphalt,True,0.8426207304000854,13.5660400390625,2.2351741790771484e-08,0.0,0.0,1.0,2902.4033203125,2902.4033203125,0.339102178812027,0.0608978271484375,0.0,asphalt,True,-0.8369468450546265,11.36570930480957,2.2351741790771484e-08,0.0,0.0,1.0,2869.460205078125,2869.460205078125,0.33965930342674255,0.060340702533721924,0.0,asphalt,True,0.8430530428886414,11.366039276123047,-3.725290298461914e-09,0.0,0.0,1.0,2882.60205078125,2882.60205078125,0.3393188416957855,0.060681164264678955,0.0,asphalt,276,125.6294795695599,37.78759932335238,125.62811831099911,41.442481994628906,0.010244759730994701,0.00036788972551980893,0.00024720429446375405,12.975546054677807,-11.770932945705773,0.0,0.0,-0.0,2885.427734375,True,0.0,275,3.3807352406353383e-05,0.00022057585842611427,0.00024011826690167263,True,276,125.63166747761527,37.78857541310274,125.63030621905448,41.443206787109375,0.010244759730994701,0.00036781614371609873,0.00024719997115433,13.100352889103087,-11.899954076202194,0.0,0.0,-0.0,2899.094970703125,True,0.0,275,3.162599860135933e-05,0.0002216477014616456,0.00024160581851548783,True,276,125.26233914253896,37.77027022796356,125.26097788397817,41.442481994628906,0.011195681989192963,-0.0025555920517688663,0.00027014988432128066,-157.96031340455752,-12.895903595496481,1.4069842275968492,77.36699999999999,77.36699999999999,2870.76220703125,True,0.0,275,5.5374943497179775e-09,-0.002701291779086668,0.0002646406313324655,True,276,125.26569559949466,37.77128108782979,125.26433434093387,41.443206787109375,0.011195681989192963,-0.002546309696018958,0.0002701451597207874,-158.5981043910606,-12.75146389034024,1.4069842275968492,77.36699999999999,77.36699999999999,2884.42919921875,True,0.0,275,5.740287652173752e-09,-0.0026993438724665078,0.0002604362916347663,True,276
0.350000000000,42,held_throttle,0.0,0.15,0.0,1,0.0029709595255553722,14.536559104919434,0.4195525050163269,0.012414555996656418,41.390933990478516,-0.01520470343530178,0.009735727682709694,asphalt,0.0,0.15,0.0,8842.477516657913,2,-1.0578514337539673,-0.03754996508359909,719.8544975360668,160.0,-0.0,6057.406450590164,5714.593549409836,0.00038565287832170725,0.012890878411497407,False,-0.0,True,0,0,0.00018171643023379147,41.390933990478516,0.08090975880622864,False,True,-0.8373385667800903,15.63626480102539,-3.3527612686157227e-08,0.0,0.0,1.0,2935.218994140625,2935.218994140625,0.339403361082077,0.06059664487838745,0.0,asphalt,True,0.8426612615585327,15.636630058288574,-4.470348358154297e-08,0.0,0.0,1.0,2943.905029296875,2943.905029296875,0.33911797404289246,0.06088203191757202,0.0,asphalt,True,-0.8368619680404663,13.436264991760254,3.725290298461914e-09,0.0,0.0,1.0,2868.4208984375,2868.4208984375,0.339987188577652,0.0600128173828125,0.0,asphalt,True,0.8431378602981567,13.436630249023438,-7.450580596923828e-09,0.0,0.0,1.0,2879.501953125,2879.501953125,0.33970174193382263,0.060298264026641846,0.0,asphalt,282,125.47805397567679,44.06491088275932,125.4743783290625,41.390281677246094,0.009071548469364643,0.00042222797282517297,0.0002191709733905546,16.458981029117137,-10.6052820338412,0.0,0.0,-0.0,2925.812744140625,True,0.0,281,6.885960602602245e-05,0.0002759302095542274,0.00021335410014768712,True,282,125.47998744787724,44.06599029575157,125.47631180126295,41.390926361083984,0.009071548469364643,0.0004220610228219287,0.0002191675596960042,16.57197404919258,-10.693839828876879,0.0,0.0,-0.0,2934.439453125,True,0.0,281,6.69306959600922e-05,0.0002770078285081714,0.00021450322880883467,True,282,124.98338418585543,44.02418723120579,124.97970853924114,41.390281677246094,0.009918514639139175,-0.003521717901087217,0.00023963389586538744,-213.9815034503616,-11.443560496805164,0.9275411688830311,77.36699999999999,77.36699999999999,2867.97705078125,True,0.0,281,4.577652903432091e-08,-0.0036655521214738283,0.00023523696775346148,True,282,124.9873352375205,44.02538285469757,124.98365959090621,41.39093017578125,0.009918514639139175,-0.003505829581099684,0.00023963014136593952,-214.49980759434797,-11.159497446491445,0.9275411688830311,77.36699999999999,77.36699999999999,2879.210205078125,True,0.0,281,4.681554955260964e-08,-0.003660076622587867,0.00022850154772398638,True,282
0.400000000000,48,held_throttle,0.0,0.15,0.0,1,0.0029283056501299143,16.60455894470215,0.4194200336933136,0.013458428904414177,41.33792495727539,-0.028256496414542198,0.008491246029734612,asphalt,0.0,0.15,0.0,8922.98128520949,2,-1.0606095790863037,-0.03351498395204544,718.0130416580813,160.0,-0.0,6077.64092869807,5694.35907130193,0.00035182040301151574,0.011487112028317138,False,-0.0,True,0,0,-0.0015643114456906915,41.33792495727539,0.07730863988399506,False,True,-0.8373920321464539,17.70415496826172,4.470348358154297e-08,0.0,0.0,1.0,2976.920166015625,2976.920166015625,0.33900198340415955,0.06099802255630493,0.0,asphalt,True,0.8426077961921692,17.70454978942871,-4.0978193283081055e-08,0.0,0.0,1.0,2985.654296875,2985.654296875,0.3387531340122223,0.06124687194824219,0.0,asphalt,True,-0.8368754386901855,15.504154205322266,2.60770320892334e-08,0.0,0.0,1.0,2874.469482421875,2874.469482421875,0.340086966753006,0.059913039207458496,0.0,asphalt,True,0.8431244492530823,15.504549026489258,2.9802322387695312e-08,0.0,0.0,1.0,2884.741943359375,2884.741943359375,0.3398379981517792,0.0601620078086853,0.0,asphalt,288,125.31715975825905,50.334232852549796,125.31367736899524,41.337318420410156,0.008015317842364311,0.0004195797037180602,0.0001939002830419519,16.608382058103867,-9.514137646182874,0.0,0.0,-0.0,2971.64013671875,True,0.0,287,7.055361719609366e-05,0.0002741406872743911,0.000188450845849259,True,288,125.3189112219777,50.33540562734025,125.31542883271389,41.33790969848633,0.008015316911041737,0.0004192520834440458,0.00019389748705379395,16.718672769118132,-9.590701051105956,0.0,0.0,-0.0,2980.413818359375,True,0.0,287,6.886055267944332e-05,0.00027514886034872164,0.00018940815188698106,True,288,124.8187904128177,50.26861208961579,124.8153080235539,41.337318420410156,0.008788061328232288,-0.003558953260685524,0.00021259388687142487,-216.4820257943003,-10.156926647926603,0.6114728247113055,77.36699999999999,77.36699999999999,2873.169921875,True,0.0,287,4.986812248597845e-08,-0.0037017986391339316,0.00020841765444781402,True,288,124.82247757130997,50.26998781154784,124.81899518204617,41.33790969848633,0.008788060396909714,-0.0035437713474756375,0.00021259082349874578,-217.00487741568122,-9.848009096836153,0.6114728247113055,77.36699999999999,77.36699999999999,2883.57763671875,True,0.0,287,5.111979231086949e-08,-0.0036973306140056384,0.0002013485344698152,True,288
0.450000000000,54,held_throttle,0.0,0.15,0.0,1,0.002803955227136612,18.66990852355957,0.4191778302192688,0.01441667228937149,41.284881591796875,-0.039145953953266144,0.007681520655751228,asphalt,0.0,0.15,0.0,8967.220994374084,2,-1.0606369972229004,-0.0299404077231884,716.17209163427,160.0,-0.0,6092.204386992254,5679.795613007746,0.0003238343633711338,0.010255178798687927,False,-0.0,True,0,0,-0.0031212205067276955,41.28488540649414,0.07682976871728897,False,True,-0.8375287055969238,19.7694091796875,-2.9802322387695312e-08,0.0,0.0,1.0,2996.562744140625,2996.562744140625,0.3385389745235443,0.061461031436920166,0.0,asphalt,True,0.8424711227416992,19.769832611083984,0.0,0.0,0.0,1.0,3005.331787109375,3005.331787109375,0.3383137881755829,0.06168621778488159,0.0,asphalt,True,-0.8369753360748291,17.56941032409668,-2.2351741790771484e-08,0.0,0.0,1.0,2886.37255859375,2886.37255859375,0.3400420844554901,0.059957921504974365,0.0,asphalt,True,0.843024492263794,17.569833755493164,7.450580596923828e-09,0.0,0.0,1.0,2895.141845703125,2895.141845703125,0.3398168981075287,0.06018310785293579,0.0,asphalt,294,125.15640829421517,56.59554753304904,125.15417115005602,41.2844123840332,0.007103714160621166,0.0004166791305586686,0.0001720677049835226,16.573825201402013,-8.498233142304423,0.0,0.0,-0.0,2994.53125,True,0.0,293,6.988267738488399e-05,0.00027147881710631736,0.00016704147680075474,True,294,125.15801022827965,56.59680540994615,125.1557730841205,41.28495788574219,0.007103714160621166,0.00041626515976253016,0.00017206543143814232,16.67289416007964,-8.563252126207168,0.0,0.0,-0.0,3003.32421875,True,0.0,293,6.830751209343178e-05,0.00027230204785513585,0.000167826692707796,True,294,124.65908919935434,56.50501486835327,124.65685205519519,41.28441619873047,0.007815051823854446,-0.003558649400207604,0.00018929786224632162,-217.30726349603657,-9.07182646919908,0.4031077303131264,77.36699999999999,77.36699999999999,2884.67919921875,True,0.0,293,5.165876084597885e-08,-0.0037010791825711005,0.00018540870014662923,True,294,124.66237427922613,56.50655326139929,124.66013713506698,41.28495788574219,0.007815051823854446,-0.0035454650093784,0.00018929537852837382,-217.84098320931457,-8.74116912276363,0.4031077303131264,77.36699999999999,77.36699999999999,2893.466552734375,True,0.0,293,5.281233323749228e-08,-0.003698893646562564,0.00017810783325338686,True,294
0.500000000000,60,held_throttle,0.0,0.15,0.0,1,0.002606696216389537,20.732606887817383,0.41895216703414917,0.015297931618988514,41.23188018798828,-0.04633751139044762,0.0070907194167375565,asphalt,0.0,0.15,0.0,8989.547099208274,2,-1.060196042060852,-0.026845984160900116,714.3346940385611,160.0,-0.0,6102.593201111048,5669.406798888952,0.0002974977542180568,0.009175470405051133,False,-0.0,True,0,0,-0.004512363579124212,41.23188400268555,0.07796575129032135,False,True,-0.837738573551178,21.832042694091797,2.9802322387695312e-08,0.0,0.0,1.0,3001.6181640625,3001.6181640625,0.33816656470298767,0.06183344125747681,0.0,asphalt,True,0.8422613143920898,21.832490921020508,-1.862645149230957e-08,0.0,0.0,1.0,3009.830078125,3009.830078125,0.3379587233066559,0.062041282653808594,0.0,asphalt,True,-0.8371514081954956,19.632043838500977,-2.60770320892334e-08,0.0,0.0,1.0,2893.20556640625,2893.20556640625,0.33994588255882263,0.060054123401641846,0.0,asphalt,True,0.8428484201431274,19.632492065429688,0.0,0.0,0.0,1.0,2901.4228515625,2901.4228515625,0.3397379219532013,0.060262084007263184,0.0,asphalt,300,124.9960120818675,62.84889965417228,124.99504956772826,41.23154830932617,0.006343198474496603,0.00041559627015584215,0.00015384332348777492,16.54944212599581,-7.607154786451886,0.0,0.0,-0.0,3001.453857421875,True,0.0,299,6.940469798078655e-05,0.00027045405881039985,0.0001491814693934406,True,300,124.9974780829764,62.85023557579072,124.99651556883715,41.23204803466797,0.006343198474496603,0.0004152045200337363,0.00015384145893314173,16.646213150895118,-7.660701432280938,0.0,0.0,-0.0,3009.792724609375,True,0.0,299,6.807657758761178e-05,0.00027128186234854046,0.00014981532351339302,True,300,124.49986471420767,62.7335206426743,124.49890220006843,41.23154830932617,0.0069967336021363735,-0.0035553589338404392,0.00016969368898025564,-217.69147424936668,-8.146374982933686,0.26574499417029596,77.36699999999999,77.36699999999999,2892.405029296875,True,0.0,299,5.279373797830943e-08,-0.0036977064413513876,0.00016604914683412695,True,300,124.50293650734935,62.73520683182473,124.5019739932101,41.23204803466797,0.0069967336021363735,-0.0035428506272562085,0.00016969163232192456,-218.23550811024947,-7.801501572739462,0.26574499417029596,77.36699999999999,77.36699999999999,2900.743896484375,True,0.0,299,5.37768424281186e-08,-0.0036962855271100692,0.00015856215534349556,True,300
0.550000000000,66,held_throttle,0.0,0.15,0.0,1,0.002344174776226282,22.79265594482422,0.418793648481369,0.01610627956688404,41.178924560546875,-0.050164274871349335,0.006520884111523628,asphalt,0.0,0.15,0.0,8998.57565335967,2,-1.0583668947219849,-0.02410273626446724,712.5008442850843,160.0,-0.0,6109.991022383617,5662.008977616383,0.0002725866506807506,0.008223136003918333,False,-0.0,True,0,0,-0.005758653860539198,41.17892837524414,0.0794244259595871,False,True,-0.8380124568939209,23.89205551147461,-1.862645149230957e-08,0.0,0.0,1.0,2999.2744140625,2999.2744140625,0.33792635798454285,0.06207364797592163,0.0,asphalt,True,0.8419873714447021,23.89252471923828,3.725290298461914e-09,0.0,0.0,1.0,3006.681884765625,3006.681884765625,0.3377351462841034,0.062264859676361084,0.0,asphalt,True,-0.8373942375183105,21.692052841186523,3.725290298461914e-09,0.0,0.0,1.0,2896.1337890625,2896.1337890625,0.33985254168510437,0.06014746427536011,0.0,asphalt,True,0.8426056504249573,21.692523956298828,2.60770320892334e-08,0.0,0.0,1.0,2903.543701171875,2903.543701171875,0.33966127038002014,0.060338735580444336,0.0,asphalt,306,124.8357870645471,69.09429589831171,124.83583357509116,41.17870330810547,0.005682418122887611,0.0004154191808102334,0.00013799409962722645,16.53404839249599,-6.8170747203924815,0.0,0.0,-0.0,2999.9453125,True,0.0,305,6.906436219561865e-05,0.00027033826701137987,0.00013375463966839362,True,306,124.83713252277542,69.09570332789195,124.83717903331947,41.179161071777344,0.005682418588548899,0.0004150803535981425,0.00013799257693900187,16.628016207406127,-6.859720544229769,0.0,0.0,-0.0,3007.486328125,True,0.0,305,6.796284867626216e-05,0.00027119301973329684,0.00013425389261179123,True,306,124.34028596342041,68.95411352286096,124.34033247396447,41.17870330810547,0.006281247828155756,-0.00355545290198381,0.00015253631792245935,-217.9454969622515,-7.3288444119990475,0.17518989742943916,77.36699999999999,77.36699999999999,2895.827392578125,True,0.0,305,5.354799197517984e-08,-0.003697644294915442,0.00014920864111517585,True,306,124.34311588727334,68.95593594188453,124.3431623978174,41.179161071777344,0.006281247828155756,-0.003543851433077268,0.00015253462226907336,-218.49299875911348,-6.971260400238188,0.17518989742943916,77.36699999999999,77.36699999999999,2903.368408203125,True,0.0,305,5.4740260343728004e-08,-0.0036973032256909467,0.00014155984974916335,True,306
0.600000000000,72,held_throttle,0.0,0.15,0.0,1,0.0020231653470546007,24.85005760192871,0.4187037944793701,0.016845591366291046,41.12603759765625,-0.051520802080631256,0.005949800834059715,asphalt,0.0,0.15,0.0,8999.523315362654,2,-1.0574454069137573,-0.021650327369570732,710.6718558931129,160.0,-0.0,6115.1992146311795,5656.8007853688205,0.0002490021870471537,0.007380357156933261,False,-0.0,True,0,0,-0.0068757603876292706,41.12603759765625,0.08061451464891434,False,True,-0.8383435010910034,25.94943618774414,-2.60770320892334e-08,0.0,0.0,1.0,2994.452880859375,2994.452880859375,0.33780208230018616,0.06219792366027832,0.0,asphalt,True,0.8416563868522644,25.94993019104004,-7.450580596923828e-09,0.0,0.0,1.0,3001.06884765625,3001.06884765625,0.3376276195049286,0.06237238645553589,0.0,asphalt,True,-0.83769690990448,23.749433517456055,-7.450580596923828e-09,0.0,0.0,1.0,2897.13427734375,2897.13427734375,0.3397803008556366,0.06021970510482788,0.0,asphalt,True,0.8423029780387878,23.749927520751953,2.60770320892334e-08,0.0,0.0,1.0,2903.75048828125,2903.75048828125,0.33960583806037903,0.06039416790008545,0.0,asphalt,312,124.67573507966041,75.33172923592855,124.67644180541426,41.12589645385742,0.005097618792206049,0.00041570212213361756,0.00012395155378117797,16.52956621488292,-6.112629158910746,0.0,0.0,-0.0,2995.289794921875,True,0.0,311,6.892488568409367e-05,0.00027068497727677295,0.00012011942013964891,True,312,124.67696448529351,75.33320219505062,124.67767121104735,41.126312255859375,0.005097617860883474,0.00041545237951774613,0.00012395027794039962,16.616887206595365,-6.145712434641389,0.0,0.0,-0.0,3002.037353515625,True,0.0,311,6.796950485097052e-05,0.00027150334665555645,0.00012049808604208029,True,312,124.18064517909453,75.16676826370926,124.18135190484837,41.12589645385742,0.005644638556987047,-0.0035569691452284223,0.00013725265606976186,-218.12863277076875,-6.596317117414044,0.11549229838613455,77.36699999999999,77.36699999999999,2897.044921875,True,0.0,311,5.4287832928848285e-08,-0.0036991998430084545,0.00013423874597360023,True,312,124.18322324036566,75.16871439146395,124.1839299661195,41.126312255859375,0.005644637625664473,-0.0035463570288368188,0.00013725124574999755,-218.67344607998382,-6.2278487505190965,0.11549229838613455,77.36699999999999,77.36699999999999,2903.786865234375,True,0.0,311,5.537731284456103e-08,-0.003699830495372665,0.00012644599527445051,True,312
0.650000000000,78,held_throttle,0.0,0.15,0.0,1,0.001649721758440137,26.90481948852539,0.4186646342277527,0.017519712448120117,41.073211669921875,-0.05138060823082924,0.0053949179127812386,asphalt,0.0,0.15,0.0,8995.559842712077,2,-1.0560649633407593,-0.019457818940281868,708.8473242779114,160.0,-0.0,6118.850676478121,5653.149323521879,0.000226795396883972,0.0066320146135464796,False,-0.0,True,0,0,-0.007877359166741371,41.073211669921875,0.08138050138950348,False,True,-0.838725745677948,28.004188537597656,1.862645149230957e-08,0.0,0.0,1.0,2989.865234375,2989.865234375,0.3377573788166046,0.06224262714385986,0.0,asphalt,True,0.841274082660675,28.004701614379883,-7.450580596923828e-09,0.0,0.0,1.0,2995.773193359375,2995.773193359375,0.3375992476940155,0.062400758266448975,0.0,asphalt,True,-0.8380532264709473,25.804187774658203,3.725290298461914e-08,0.0,0.0,1.0,2897.362060546875,2897.362060546875,0.33973029255867004,0.060269713401794434,0.0,asphalt,True,0.8419466018676758,25.80470085144043,1.4901161193847656e-08,0.0,0.0,1.0,2903.2724609375,2903.2724609375,0.33957210183143616,0.06042790412902832,0.0,asphalt,318,124.51576342824347,81.56118846285469,124.51681681100246,41.073116302490234,0.004576783627271652,0.00041598082561562956,0.0001114301523805085,16.51889825097803,-5.48568664686098,0.0,0.0,-0.0,2990.552734375,True,0.0,317,6.875590190280135e-05,0.0002709387139228213,0.000107970090375959,True,318,124.51688501603861,81.56272137087448,124.5179383987976,41.07349395751953,0.004576783627271652,0.0004157936451882597,0.00011142912782298834,16.60353847289639,-5.510550890443207,0.0,0.0,-0.0,2996.572998046875,True,0.0,317,6.797216296285585e-05,0.00027177987868446914,0.00010824156566825908,True,318,124.02104703206507,81.37146789086943,124.02210041482405,41.073116302490234,0.005075013265013695,-0.0035587945368512407,0.00012356046231824246,-218.25628821867545,-5.938307438979262,0.07613721557137303,77.36699999999999,77.36699999999999,2897.348876953125,True,0.0,317,5.494343849770396e-08,-0.003700981200888856,0.00012083535887254682,True,318,124.0233997987441,81.37352576920168,124.02445318150308,41.07349395751953,0.005075013730674982,-0.003549053413492037,0.00012355933756444601,-218.80770920082657,-5.5605377338451385,0.07613721557137303,77.36699999999999,77.36699999999999,2903.369140625,True,0.0,317,5.603332623948795e-08,-0.0037026430062110836,0.00011291386107795348,True,318
0.700000000000,84,held_throttle,0.0,0.15,0.0,1,0.0012292391620576382,28.956939697265625,0.4186560809612274,0.018132999539375305,41.02043914794922,-0.05052760988473892,0.00483922241255641,asphalt,0.0,0.15,0.0,8988.612621530807,2,-1.054687261581421,-0.01754353940486908,707.0269783689512,160.0,-0.0,6121.397983450886,5650.602016549114,0.00020622827287297696,0.005964524830848189,False,-0.0,True,0,0,-0.008776715956628323,41.02043914794922,0.08180849999189377,False,True,-0.8391540050506592,30.056304931640625,2.60770320892334e-08,0.0,0.0,1.0,2987.0478515625,2987.0478515625,0.33775708079338074,0.06224292516708374,0.0,asphalt,True,0.8408458232879639,30.05683708190918,-3.725290298461914e-09,0.0,0.0,1.0,2992.914794921875,2992.914794921875,0.3376152217388153,0.06238478422164917,0.0,asphalt,True,-0.8384578227996826,27.856304168701172,-1.4901161193847656e-08,0.0,0.0,1.0,2897.474609375,2897.474609375,0.3396972715854645,0.060302734375,0.0,asphalt,True,0.8415419459342957,27.856834411621094,-3.725290298461914e-09,0.0,0.0,1.0,2902.484375,2902.484375,0.3395553529262543,0.060444653034210205,0.0,asphalt,324,124.35587905561047,87.78266402801498,124.35707416191659,41.02037048339844,0.004123554565012455,0.0004161250800972275,0.00010052455651982854,16.514311464612174,-4.941221828459892,0.0,0.0,-0.0,2987.350830078125,True,0.0,323,6.869802471114718e-05,0.0002711537538572537,9.73580765251218e-05,True,324,124.35689472176225,87.78425150978609,124.35808982806836,41.02071762084961,0.00412355363368988,0.0004158298128665788,0.00010052368312797343,16.59514634975695,-4.9602274808659415,0.0,0.0,-0.0,2993.3681640625,True,0.0,323,6.805055700890089e-05,0.00027193329212710986,9.7536078525435e-05,True,324,123.86158717747921,87.56820344864316,123.86278228378532,41.02037048339844,0.004576602019369602,-0.0035603460697510156,0.00011156900697014716,-218.34826956754497,-5.3600707741282445,0.05019274597497899,77.36699999999999,77.36699999999999,2897.459716796875,True,0.0,323,5.552087825235622e-08,-0.0037024031190165453,0.0001090650787406733,True,324,123.86371294855024,87.57036191810565,123.86490805485636,41.02071762084961,0.004576602950692177,-0.003551677207957314,0.00011156808552215655,-218.90244198768684,-4.974028776726725,0.05019274597497899,77.36699999999999,77.36699999999999,2902.62841796875,True,0.0,323,5.670650579843577e-08,-0.0037051989504792025,0.00010103002584458197,True,324
0.750000000000,90,held_throttle,0.0,0.15,0.0,1,0.0007664659642614424,31.006425857543945,0.4186640977859497,0.01869032345712185,40.96773910522461,-0.04941105470061302,0.004265212453901768,asphalt,0.0,0.15,0.0,8979.8565473132,2,-1.0533106327056885,-0.015792109072208405,705.211467576907,160.0,-0.0,6123.129254435453,5648.870745564547,0.00018732769240159541,0.005365960406980343,False,-0.0,True,0,0,-0.009585272520780563,40.96773910522461,0.08201153576374054,False,True,-0.839623212814331,32.10579299926758,-3.725290298461914e-09,0.0,0.0,1.0,2985.2177734375,2985.2177734375,0.33777812123298645,0.06222188472747803,0.0,asphalt,True,0.840376615524292,32.10633850097656,-4.842877388000488e-08,0.0,0.0,1.0,2990.323486328125,2990.323486328125,0.3376530706882477,0.0623469352722168,0.0,asphalt,True,-0.8389056921005249,29.905792236328125,0.0,0.0,0.0,1.0,2897.486328125,2897.486328125,0.3396753966808319,0.06032460927963257,0.0,asphalt,True,0.8410940766334534,29.90633773803711,-1.4901161193847656e-08,0.0,0.0,1.0,2901.776123046875,2901.776123046875,0.33955028653144836,0.06044971942901611,0.0,asphalt,330,124.19615518033083,93.99615405092912,124.1973786116489,40.967689514160156,0.0037053124979138374,0.0004159789226856802,9.044475126012808e-05,16.49974150430049,-4.444875953863377,0.0,0.0,-0.0,2985.505126953125,True,0.0,329,6.854384386677158e-05,0.0002710819689592875,8.763258472529697e-05,True,330,124.19707494010171,93.997791078456,124.19829837141978,40.9680061340332,0.0037053124979138374,0.00041565596686961255,9.044405226087945e-05,16.57701042221674,-4.457369954418994,0.0,0.0,-0.0,2990.7216796875,True,0.0,329,6.801462908901743e-05,0.0002718764376101514,8.772561969897499e-05,True,330,123.70235598654887,93.75697694460959,123.70357941786693,40.967689514160156,0.004116825759410858,-0.003561636995627873,0.0001004895759164173,-218.41931860026443,-4.829793156884357,0.03308909748803593,77.36699999999999,77.36699999999999,2897.4931640625,True,0.0,329,5.596584196236022e-08,-0.003703568232498703,9.827410084192203e-05,True,330,123.70425480173041,93.75922419729172,123.70547823304848,40.9680061340332,0.004116825759410858,-0.0035540428544606944,0.00010048879928607677,-218.98068031707294,-4.436439509383356,0.03308909748803593,77.36699999999999,77.36699999999999,2901.8720703125,True,0.0,329,5.7209384171020905e-08,-0.003707496205362855,9.01344314763051e-05,True,330
0.800000000000,96,held_throttle,0.0,0.15,0.0,1,0.0002657354052644223,33.05327606201172,0.4186782240867615,0.019196121022105217,40.91511535644531,-0.04833173006772995,0.003755653975531459,asphalt,0.0,0.15,0.0,8970.007170422776,2,-1.051935076713562,-0.014199570752680302,703.4009134084044,160.0,-0.0,6124.269871275287,5647.730128724713,0.00016988959396257997,0.004830898304603379,False,-0.0,True,0,0,-0.010310261510312557,40.91511535644531,0.08203333616256714,False,True,-0.8401299715042114,34.15264129638672,0.0,0.0,0.0,1.0,2983.867919921875,2983.867919921875,0.33780553936958313,0.06219446659088135,0.0,asphalt,True,0.8398698568344116,34.15320587158203,2.2351741790771484e-08,0.0,0.0,1.0,2988.3837890625,2988.3837890625,0.33769533038139343,0.062304675579071045,0.0,asphalt,True,-0.8393930196762085,31.952640533447266,-1.4901161193847656e-08,0.0,0.0,1.0,2897.494384765625,2897.494384765625,0.3396613299846649,0.06033867597579956,0.0,asphalt,True,0.8406068682670593,31.953205108642578,-1.862645149230957e-08,0.0,0.0,1.0,2901.4140625,2901.4140625,0.33955124020576477,0.06044876575469971,0.0,asphalt,336,124.03661860169706,100.20166219561777,124.03777652553146,40.915077209472656,0.0033272691071033478,0.0004156641083750717,8.132134476330475e-05,16.47724058705086,-3.9938739008577016,0.0,0.0,-0.0,2984.04443359375,True,0.0,335,6.828810756683888e-05,0.0002708447694125818,7.8779424428315e-05,True,336,124.03745593629228,100.20334430039807,124.03861386012667,40.91535949707031,0.003327268175780773,0.0004155153984986759,8.132076094026586e-05,16.55267507755208,-4.000846628707504,0.0,0.0,-0.0,2988.647216796875,True,0.0,335,6.789477930503803e-05,0.00027166571660385783,7.879541554412204e-05,True,336,123.5433515862923,99.93779420184515,123.5445095101267,40.915077209472656,0.003700471483170986,-0.003562774310552863,9.044273469498523e-05,-218.47883974688838,-4.34635022333012,0.02181367748077672,77.36699999999999,77.36699999999999,2897.491455078125,True,0.0,335,5.657714500080264e-08,-0.003704582431736195,8.843737540767694e-05,True,336,123.54508122804602,99.9401204145782,123.54623915188041,40.91535949707031,0.0037004705518484116,-0.0035556987303397053,9.044208794068426e-05,-219.04335793210296,-3.9469723105743935,0.02181367748077672,77.36699999999999,77.36699999999999,2901.46435546875,True,0.0,335,5.77733197093541e-08,-0.0037090832026033384,8.020137459663976e-05,True,336
0.850000000000,102,held_throttle,0.0,0.15,0.0,1,-0.0002691308327484876,35.097721099853516,0.41869452595710754,0.01965491473674774,40.87289810180664,-0.04311375319957733,0.003325018100440502,asphalt,0.0,0.15,0.0,8072.547463240036,3,-0.7356274724006653,-0.01279265433549881,701.8598816934227,160.0,-0.0,6114.2521537117545,5657.7478462882455,0.00015376211376860738,0.00435045849452912,False,-0.0,True,0,0,-0.01096483413130045,40.87289810180664,0.0822400376200676,False,True,-0.8406705856323242,36.197120666503906,2.2351741790771484e-08,0.0,0.0,1.0,2969.59814453125,2969.59814453125,0.3379156291484833,0.0620843768119812,0.0,asphalt,True,0.8393293023109436,36.19769287109375,-2.60770320892334e-08,0.0,0.0,1.0,2973.639892578125,2973.639892578125,0.3378181755542755,0.062181830406188965,0.0,asphalt,True,-0.8399159908294678,33.99711608886719,3.725290298461914e-09,0.0,0.0,1.0,2917.321044921875,2917.321044921875,0.33957114815711975,0.06042885780334473,0.0,asphalt,True,0.8400838971138,33.99769592285156,0.0,0.0,0.0,1.0,2920.784912109375,2920.784912109375,0.3394736349582672,0.060526371002197266,0.0,asphalt,342,123.89828759191306,106.39959713376109,123.90193569116974,40.87309646606445,0.002985975705087185,0.00032633787063171847,7.305479540201427e-05,10.968479789402503,-3.5741673806413226,0.0,0.0,-0.0,2972.697509765625,True,0.0,341,1.8744225167540424e-05,0.0001809822062458745,7.076948899886619e-05,True,342,123.89906112256492,106.40132040036559,123.9027092218216,40.873355865478516,0.0029859747737646103,0.0003262346505579606,7.30543089801582e-05,11.027140694412793,-3.587684069711022,0.0,0.0,-0.0,2976.807861328125,True,0.0,341,1.8099337943930127e-05,0.00018169890689385132,7.093903477012917e-05,True,342,123.82707810592954,106.12463479883225,123.83072620518622,40.87309646606445,0.0033237356692552567,-0.000248591175766093,8.131842090037316e-05,-23.302073215862915,-3.936083231238186,0.014380462489416471,8.20845,8.20845,2913.6826171875,True,0.0,341,0.0002458953283485992,-0.0003922789300953033,7.951506852979442e-05,True,342,123.82801186652382,106.12702091992303,123.8316599657805,40.873355865478516,0.0033237338066101074,-0.00024739709552921036,8.131785924852706e-05,-23.30642127011423,-3.9271613875019957,0.014380462489416471,8.20845,8.20845,2917.197021484375,True,0.0,341,0.0002503844796508581,-0.0003918793637932407,7.923921109335989e-05,True,342
0.900000000000,108,held_throttle,0.0,0.15,0.0,1,-0.0008348058327101171,37.14031219482422,0.4187270998954773,0.020065119490027428,40.83676528930664,-0.030989859253168106,0.00297324126586318,asphalt,0.0,0.15,0.0,7391.722731438,3,-0.7200606465339661,-0.011497331783175468,700.6152379194147,160.0,-0.0,6096.617953730601,5675.382046269399,0.0001362060575047508,0.003915974764200375,False,-0.0,True,0,0,-0.01155361719429493,40.83676528930664,0.08258584141731262,False,True,-0.8412415385246277,38.23979187011719,-1.862645149230957e-08,0.0,0.0,1.0,2951.32373046875,2951.32373046875,0.3381757438182831,0.061824262142181396,0.0,asphalt,True,0.8387582302093506,38.240379333496094,1.862645149230957e-08,0.0,0.0,1.0,2954.980712890625,2954.980712890625,0.3380885422229767,0.06191146373748779,0.0,asphalt,True,-0.8404712080955505,36.039791107177734,2.2351741790771484e-08,0.0,0.0,1.0,2934.13525390625,2934.13525390625,0.339365690946579,0.0606343150138855,0.0,asphalt,True,0.8395286202430725,36.04037857055664,1.862645149230957e-08,0.0,0.0,1.0,2937.309814453125,2937.309814453125,0.3392784893512726,0.060721516609191895,0.0,asphalt,348,123.78753998380974,112.59166727543408,123.79240886558667,40.83708572387695,0.002683100290596485,0.0003135010873897827,6.570254069738587e-05,10.085352227326934,-3.1946552352941446,0.0,0.0,-0.0,2954.18994140625,True,0.0,347,1.4268652478294223e-05,0.0001674528951622941,6.365129327646705e-05,True,348,123.78823731558612,112.59342815062848,123.79310619736304,40.83731460571289,0.002683100290596485,0.0003135296371505474,6.570217245284672e-05,10.13989550012752,-3.205719473966586,0.0,0.0,-0.0,2957.909423828125,True,0.0,347,1.3706958960145957e-05,0.0001681468185020425,6.379142320939529e-05,True,348,123.73567616353078,112.31391496665408,123.74054504530771,40.83708572387695,0.002982271835207939,-0.00010560474224216115,7.302851751153712e-05,-14.956124964796452,-3.556961933141372,0.009480185154096755,8.20845,8.20845,2931.910400390625,True,0.0,347,6.832662490009786e-05,-0.00025021241893989074,7.140880433106092e-05,True,348,123.73643113059592,112.3163414164065,123.74130001237285,40.83731460571289,0.00298226997256279,-0.00010510810168790088,7.30280625955755e-05,-14.969870592485748,-3.5609832205793963,0.009480185154096755,8.20845,8.20845,2935.134033203125,True,0.0,347,7.073577482166208e-05,-0.00025016728195198686,7.141100572095965e-05,True,348
0.950000000000,114,held_throttle,0.0,0.15,0.0,1,-0.0014281024923548102,39.18110275268555,0.41877055168151855,0.02042582258582115,40.80083465576172,-0.01743563823401928,0.002672742586582899,asphalt,0.0,0.15,0.0,6976.7039333406465,3,-0.7177685499191284,-0.010314314626157284,699.3825516880457,160.0,-0.0,6083.601561628905,5688.398438371095,0.0001191804331028834,0.003517910546129129,False,-0.0,True,0,0,-0.012080835178494453,40.80083465576172,0.08257885277271271,False,True,-0.8418396711349487,40.28067398071289,2.60770320892334e-08,0.0,0.0,1.0,2937.234375,2937.234375,0.33847495913505554,0.061525046825408936,0.0,asphalt,True,0.8381601572036743,40.28127670288086,-2.9802322387695312e-08,0.0,0.0,1.0,2940.532958984375,2940.532958984375,0.3383966386318207,0.0616033673286438,0.0,asphalt,True,-0.8410554528236389,38.0806770324707,0.0,0.0,0.0,1.0,2943.41552734375,2943.41552734375,0.3391444981098175,0.06085550785064697,0.0,asphalt,True,0.8389443755149841,38.081275939941406,-1.862645149230957e-08,0.0,0.0,1.0,2946.296875,2946.296875,0.33906611800193787,0.06093388795852661,0.0,asphalt,354,123.67868454521874,118.7783002664971,123.68317499803732,40.80113220214844,0.0024091405794024467,0.0003145426874471551,5.9045924624509087e-05,10.07114859703114,-2.857362921412054,0.0,0.0,-0.0,2939.145263671875,True,0.0,353,1.4172831082498267e-05,0.00016807299668504357,5.7222389408889203e-05,True,354,123.67929458526902,118.78009447856326,123.68378503808759,40.801334381103516,0.002409139648079872,0.0003145199104372529,5.904560921409222e-05,10.122922348534713,-2.8647360624826876,0.0,0.0,-0.0,2942.50341796875,True,0.0,353,1.368982497682099e-05,0.00016874423974769722,5.730457133292374e-05,True,354,123.6272685826029,118.49797268527885,123.63175903542147,40.80113220214844,0.0026708878576755524,-0.00010131017612459782,6.54611210450639e-05,-14.765270595644568,-3.2004275056722564,0.006249723235403634,8.20845,8.20845,2942.303466796875,True,0.0,353,6.611905271088138e-05,-0.00024614686846433944,6.402412354402916e-05,True,354,123.62792886724903,118.50043379400324,123.6324193200676,40.801334381103516,0.0026708878576755524,-0.00010092451567570659,6.54607966718243e-05,-14.785688613762828,-3.2010207910021764,0.006249723235403634,8.20845,8.20845,2945.23291015625,True,0.0,353,6.837298662358291e-05,-0.00024624205028176115,6.397228770943928e-05,True,354
1.000000000000,120,held_throttle,0.0,0.15,0.0,1,-0.0020460973028093576,41.22010040283203,0.4188050627708435,0.02074011042714119,40.76496505737305,-0.006189081352204084,0.0024053226225078106,asphalt,0.0,0.15,0.0,6722.772331787716,3,-0.7168534398078918,-0.009233842603862286,698.1531717760456,160.0,-0.0,6074.183655494711,5697.816344505289,0.00010355453559895977,0.003151493343746916,False,-0.0,True,0,0,-0.012551757507026196,40.76496505737305,0.08218637853860855,False,True,-0.8424617648124695,42.31974792480469,7.450580596923828e-09,0.0,0.0,1.0,2929.860595703125,2929.860595703125,0.33872148394584656,0.06127852201461792,0.0,asphalt,True,0.8375380635261536,42.32035827636719,2.60770320892334e-08,0.0,0.0,1.0,2932.82958984375,2932.82958984375,0.33865097165107727,0.06134903430938721,0.0,asphalt,True,-0.8416654467582703,40.1197509765625,-7.450580596923828e-09,0.0,0.0,1.0,2947.2744140625,2947.2744140625,0.33895912766456604,0.06104087829589844,0.0,asphalt,True,0.8383343815803528,40.12035369873047,1.1175870895385742e-08,0.0,0.0,1.0,2949.864013671875,2949.864013671875,0.33888861536979675,0.061111390590667725,0.0,asphalt,360,123.56975659527605,124.95944886081821,123.57297537275379,40.76516342163086,0.00215876754373312,0.0003153735624034368,5.2956185147283056e-05,10.082965590729486,-2.556443448180524,0.0,0.0,-0.0,2930.601318359375,True,0.0,359,1.419406192273786e-05,0.0001687607797395338,5.1345344631534225e-05,True,360,123.57028630947153,124.961272159515,123.57350508694927,40.76533889770508,0.0021587656810879707,0.0003153557597739424,5.29559115033271e-05,10.135321523358353,-2.5605453907445788,0.0,0.0,-0.0,2933.623779296875,True,0.0,359,1.3790828802653071e-05,0.00016946231127775563,5.137474488284849e-05,True,360,123.51835191722226,124.67655062240812,123.5215706947,40.76516342163086,0.0023861760273575783,-0.00010075487506397379,5.8534685607715815e-05,-14.76754804757925,-2.8672893100582697,0.004120071484285847,8.20845,8.20845,2946.923095703125,True,0.0,359,6.638571367427648e-05,-0.00024579888671962165,5.726981619355365e-05,True,360,123.51892811647187,124.67904196546468,123.52214689394961,40.76533889770508,0.0023861750960350037,-0.00010039458471392601,5.8534410796817955e-05,-14.784112686819796,-2.864352630463966,0.004120071484285847,8.20845,8.20845,2949.56005859375,True,0.0,359,6.838832165559876e-05,-0.00024585457088066777,5.7160000772873764e-05,True,360
1.050000000000,126,held_throttle,0.0,0.15,0.0,1,-0.002686119871214032,43.25729751586914,0.4188152551651001,0.021012715995311737,40.729148864746094,0.0009839966660365462,0.0021609957329928875,asphalt,0.0,0.15,0.0,6566.529269784614,3,-0.7159395217895508,-0.008247517980635166,696.9268312608694,160.0,-0.0,6067.365531398916,5704.634468601084,8.973541116574779e-05,0.002814451579737795,False,-0.0,True,0,0,-0.012971276417374611,40.729148864746094,0.0816216915845871,False,True,-0.8431053161621094,44.35699462890625,2.60770320892334e-08,0.0,0.0,1.0,2929.0654296875,2929.0654296875,0.3388657867908478,0.0611342191696167,0.0,asphalt,True,0.8368945121765137,44.35761260986328,-7.450580596923828e-09,0.0,0.0,1.0,2931.72216796875,2931.72216796875,0.3388024866580963,0.061197519302368164,0.0,asphalt,True,-0.8422985076904297,42.15699768066406,-3.725290298461914e-08,0.0,0.0,1.0,2947.62353515625,2947.62353515625,0.33882805705070496,0.06117194890975952,0.0,asphalt,True,0.8377013802528381,42.15760803222656,1.1175870895385742e-08,0.0,0.0,1.0,2949.93505859375,2949.93505859375,0.3387646973133087,0.06123530864715576,0.0,asphalt,366,123.46080702726385,131.13507860583167,123.46249608890275,40.729225158691406,0.001928914338350296,0.00031528123247217795,4.735946557766869e-05,10.079707153345415,-2.2860540450856206,0.0,0.0,-0.0,2928.811279296875,True,0.0,365,1.4165224243648184e-05,0.00016880934609575458,4.594272082991757e-05,True,366,123.4612659643947,131.1369272073861,123.4629550260336,40.729373931884766,0.0019289134070277214,0.00031534578427263693,4.7359269720459954e-05,10.126083313543727,-2.287290029361799,0.0,0.0,-0.0,2931.516845703125,True,0.0,365,1.380232138418647e-05,0.00016942952491423737,4.592513468408199e-05,True,366,123.40942457755835,130.84961033493084,123.41111363919725,40.729225158691406,0.002125963568687439,-0.00010103428388619868,5.219749598656395e-05,-14.778409286045914,-2.558614456734651,0.002716118521771479,8.20845,8.20845,2947.7421875,True,0.0,365,6.673063965938039e-05,-0.0002459112991014135,5.109029507036537e-05,True,366,123.40992939854631,130.85212804404745,123.41161846018521,40.729373931884766,0.002125963568687439,-0.00010059644843378732,5.2197305323477345e-05,-14.79609863263925,-2.5524365830925078,0.002716118521771479,8.20845,8.20845,2950.097412109375,True,0.0,365,6.855066391712405e-05,-0.0002460090611668763,5.0926234262387524e-05,True,366
1.100000000000,132,held_throttle,0.0,0.15,0.0,1,-0.0033457293175160885,45.292701721191406,0.41879794001579285,0.02124899812042713,40.69266128540039,0.0037298882380127907,0.0019361745798960328,asphalt,0.0,0.15,0.0,6469.53839817296,3,-0.8010842204093933,-0.007324994541704655,695.7031337325894,160.0,-0.0,6062.420698695981,5709.579301304019,7.77513487264514e-05,0.0025059227983529153,False,-0.0,True,0,0,-0.013343448750674725,40.69266128540039,0.08113502711057663,False,True,-0.8437677621841431,46.39241409301758,-3.725290298461914e-09,0.0,0.0,1.0,2935.8935546875,2935.8935546875,0.3388979136943817,0.061102092266082764,0.0,asphalt,True,0.83623206615448,46.39303970336914,1.862645149230957e-08,0.0,0.0,1.0,2937.946044921875,2937.946044921875,0.33884111046791077,0.06115889549255371,0.0,asphalt,True,-0.8429518342018127,44.19241714477539,7.450580596923828e-09,0.0,0.0,1.0,2943.2451171875,2943.2451171875,0.33875468373298645,0.06124532222747803,0.0,asphalt,True,0.8370479941368103,44.19303894042969,3.725290298461914e-09,0.0,0.0,1.0,2945.294677734375,2945.294677734375,0.3386979401111603,0.0613020658493042,0.0,asphalt,372,123.3513496348702,137.30518535068018,123.35132178223888,40.69259262084961,0.0017168642953038216,0.0003281373291196858,4.219107664831932e-05,10.87329036421575,-2.042003558141823,0.0,0.0,-0.0,2932.0732421875,True,0.0,371,1.8116876299697713e-05,0.00018189729547363944,4.099241239300576e-05,True,372,123.3517455091145,137.30705597717,123.35171765648317,40.69272232055664,0.0017168642953038216,0.00032815935355591795,4.2190942172915316e-05,10.923640972370729,-2.0390549115729977,0.0,0.0,-0.0,2934.491943359375,True,0.0,371,1.7837849627682518e-05,0.00018258899349628247,4.0899479375089756e-05,True,372,123.16494261554791,137.01626036684706,123.1649147629166,40.69259262084961,0.001887594349682331,-0.0011835460612582328,4.638668186900743e-05,-79.74537117631223,-2.2753110272460684,0.23894512925331957,54.72299999999999,54.72299999999999,2946.352294921875,True,0.0,371,5.977162452244864e-11,-0.0013278578002920757,4.5464048116742846e-05,True,372,123.16548958522966,137.0188011862397,123.16546173259835,40.69272232055664,0.001887594349682331,-0.0011822939013973058,4.6386534020972285e-05,-79.9896985474721,-2.131828928495017,0.23894512925331957,54.72299999999999,54.72299999999999,2948.445556640625,True,0.0,371,5.914967620500695e-11,-0.0013309818376989046,4.256686500466997e-05,True,372
1.150000000000,138,held_throttle,0.0,0.15,0.0,1,-0.0040225740522146225,47.32602310180664,0.41876593232154846,0.021454380825161934,40.64730453491211,-0.0012934926198795438,0.0017380419885739684,asphalt,0.0,0.15,0.0,6403.491023693923,3,-0.9228492975234985,-0.006535891443490982,694.1881488127448,160.0,-0.0,6070.235369768459,5701.764630231541,6.80437296978198e-05,0.0022265046218492043,False,-0.0,True,0,0,-0.01366946566849947,40.64730453491211,0.08123704791069031,False,True,-0.8444470167160034,48.425697326660156,3.725290298461914e-09,0.0,0.0,1.0,2958.541748046875,2958.541748046875,0.33876660466194153,0.06123340129852295,0.0,asphalt,True,0.8355527520179749,48.426326751708984,2.2351741790771484e-08,0.0,0.0,1.0,2960.3837890625,2960.3837890625,0.3387155830860138,0.061284422874450684,0.0,asphalt,True,-0.8436232805252075,46.22570037841797,-3.725290298461914e-09,0.0,0.0,1.0,2930.22705078125,2930.22705078125,0.33881619572639465,0.061183810234069824,0.0,asphalt,True,0.8363764882087708,46.22633361816406,0.0,0.0,0.0,1.0,2932.35302734375,2932.35302734375,0.33876529335975647,0.06123471260070801,0.0,asphalt,378,123.2192816058081,143.46917297389976,123.21679916967642,40.64702606201172,0.00152656901627779,0.0003773183278294015,3.7556720957422266e-05,13.975481834844482,-1.8304517307532728,0.0,0.0,-0.0,2955.480224609375,True,0.0,377,4.069198281082468e-05,0.00023194196167987196,3.64546503786101e-05,True,378,123.21961834253005,143.47106268453547,123.21713590639837,40.64714050292969,0.0015265671536326408,0.0003772356410687078,3.7556569392744194e-05,14.032178434501997,-1.8186427749607994,0.0,0.0,-0.0,2957.364501953125,True,0.0,377,4.0626299473643394e-05,0.00023273455137109267,3.6196385335874256e-05,True,378,122.89434181406939,143.1651775659997,122.8918593779377,40.64702606201172,0.0016759885475039482,-0.002260762281319756,4.123274711407496e-05,-143.5870229605304,-2.01012731311676,2.80766110744836,54.72299999999999,54.72299999999999,2932.312255859375,True,0.0,377,3.2071070124413725e-09,-0.002403500876912307,4.037698664664118e-05,True,378,122.89506430499506,143.16774593146042,122.89258186886337,40.64714050292969,0.001675986684858799,-0.002257705736389942,4.123258519964533e-05,-143.97393507653496,-1.7332406794199022,2.80766110744836,54.72299999999999,54.72299999999999,2934.482177734375,True,0.0,377,3.2669742749794624e-09,-0.0024082017504552166,3.4789574106759726e-05,True,378
1.200000000000,144,held_throttle,0.0,0.15,0.0,1,-0.004714593756943941,49.357051849365234,0.4187500476837158,0.02163631282746792,40.60155487060547,-0.011041900143027306,0.0015483845490962267,asphalt,0.0,0.15,0.0,6360.041233368686,3,-0.9077446460723877,-0.005806668195873499,692.6223735932505,160.0,-0.0,6077.567849448626,5694.432150551374,6.069785376894288e-05,0.00197544991256403,False,-0.0,True,0,0,-0.01395748183131218,40.60155487060547,0.08169817924499512,False,True,-0.8451411724090576,50.4566535949707,-1.4901161193847656e-08,0.0,0.0,1.0,2971.123779296875,2971.123779296875,0.33856073021888733,0.06143927574157715,0.0,asphalt,True,0.8348586559295654,50.4572868347168,-7.450580596923828e-09,0.0,0.0,1.0,2972.734375,2972.734375,0.3385153114795685,0.061484694480895996,0.0,asphalt,True,-0.8443104028701782,48.25665283203125,-7.450580596923828e-09,0.0,0.0,1.0,2918.181396484375,2918.181396484375,0.33898475766181946,0.06101524829864502,0.0,asphalt,True,0.8356894254684448,48.257286071777344,4.0978193283081055e-08,0.0,0.0,1.0,2920.066650390625,2920.066650390625,0.33893927931785583,0.06106072664260864,0.0,asphalt,384,123.07991821436687,149.6261747885529,123.07678352064929,40.601226806640625,0.0013540294021368027,0.00037304794193975324,3.334947015476299e-05,13.825837678818106,-1.6332507956949898,0.0,0.0,-0.0,2969.652587890625,True,0.0,383,3.937799616003526e-05,0.0002283633123651967,3.237202467554651e-05,True,384,123.08021470228445,149.62808122917832,123.07708000856687,40.60132598876953,0.001354028470814228,0.0003730139993095803,3.334936574945317e-05,13.879843203649493,-1.619682493626298,0.0,0.0,-0.0,2971.29833984375,True,0.0,383,3.935286344809367e-05,0.00022912836098261489,3.208530658194919e-05,True,384,122.77231956305417,149.3063398476106,122.76918486933658,40.601226806640625,0.0014873296022415161,-0.002127062594537687,3.663262710408902e-05,-135.00160195320942,-1.7786325265466274,6.366777000859432,54.72299999999999,54.72299999999999,2920.0341796875,True,0.0,383,2.113751364657405e-09,-0.002269121052356063,3.587452993442109e-05,True,384,122.77296978311878,149.30893524318145,122.7698350894012,40.60132598876953,0.0014873286709189415,-0.0021242153609511176,3.66325146785856e-05,-135.3618235594102,-1.517836698058742,6.366777000859432,54.72299999999999,54.72299999999999,2921.952392578125,True,0.0,383,2.157466084079552e-09,-0.0022736876560634266,3.059432687140247e-05,True,384
1.250000000000,150,held_throttle,0.0,0.15,0.0,1,-0.005420004948973656,51.38581848144531,0.4187537729740143,0.021799467504024506,40.556678771972656,-0.02090771123766899,0.0013740204740315676,asphalt,0.0,0.15,0.0,6331.3163172390305,3,-0.8898910880088806,-0.005153848323971033,691.0873517562068,160.0,-0.0,6081.711693182429,5690.288306817571,5.460160173242912e-05,0.0017535293551697168,False,-0.0,True,0,0,-0.014211434870958328,40.556678771972656,0.08193401992321014,False,True,-0.8458485007286072,52.48534393310547,-3.725290298461914e-09,0.0,0.0,1.0,2975.8681640625,2975.8681640625,0.3383725583553314,0.06162744760513306,0.0,asphalt,True,0.8341513872146606,52.485984802246094,-7.450580596923828e-09,0.0,0.0,1.0,2977.28466796875,2977.28466796875,0.33833226561546326,0.06166774034500122,0.0,asphalt,True,-0.8450114130973816,50.28534698486328,7.450580596923828e-09,0.0,0.0,1.0,2909.639404296875,2909.639404296875,0.3391753137111664,0.060824692249298096,0.0,asphalt,True,0.8349884152412415,50.28598403930664,7.450580596923828e-09,0.0,0.0,1.0,2911.302734375,2911.302734375,0.3391350209712982,0.06086498498916626,0.0,asphalt,390,122.94320422321356,155.77627061954703,122.94066160292162,40.55641174316406,0.0012005800381302834,0.0003660494076849368,2.960271844024633e-05,13.455273662172603,-1.452476779831588,0.0,0.0,-0.0,2975.4921875,True,0.0,389,3.6158972836886266e-05,0.00022180644142141855,2.873246421074269e-05,True,390,122.94347777536758,155.7781921356199,122.94093515507565,40.55650329589844,0.001200580969452858,0.0003660170075454074,2.9602674578298225e-05,13.503641326497219,-1.4378498529667227,0.0,0.0,-0.0,2976.939697265625,True,0.0,389,3.61141123149669e-05,0.0002224955407294528,2.842928402804156e-05,True,390,122.6576148280069,155.44165225303632,122.65507220771497,40.55641174316406,0.0013205017894506454,-0.0019577385303364107,3.255963070269861e-05,-124.51841686630233,-1.5758935502715388,9.93702800521583,54.72299999999999,54.72299999999999,2910.713134765625,True,0.0,389,1.2037589910886973e-09,-0.0020994345485993403,3.188429901241383e-05,True,390,122.65819130839947,155.44427138695232,122.65564868810753,40.55650329589844,0.00132050272077322,-0.001955300819403586,3.25595801657815e-05,-124.85424915642322,-1.3350612434144749,9.93702800521583,54.72299999999999,54.72299999999999,2912.408935546875,True,0.0,389,1.2194808253041234e-09,-0.002103875745943296,2.6995986001333e-05,True,390
1.300000000000,156,held_throttle,0.0,0.15,0.0,1,-0.006137217860668898,53.41236114501953,0.4187620282173157,0.021946607157588005,40.51266098022461,-0.02811886928975582,0.0012176225427538157,asphalt,0.0,0.15,0.0,6311.615611928703,3,-0.8738669157028198,-0.004578105174005032,689.5837658207575,160.0,-0.0,6083.548956802211,5688.451043197789,4.9316186050418764e-05,0.0015584252984891423,False,-0.0,True,0,0,-0.01443521212786436,40.51266098022461,0.08183294534683228,False,True,-0.8465672731399536,54.51183319091797,-1.4901161193847656e-08,0.0,0.0,1.0,2975.68896484375,2975.68896484375,0.3382400572299957,0.06175994873046875,0.0,asphalt,True,0.8334325551986694,54.51247787475586,7.450580596923828e-09,0.0,0.0,1.0,2976.941650390625,2976.941650390625,0.33820435404777527,0.06179565191268921,0.0,asphalt,True,-0.8457245826721191,52.311832427978516,-2.60770320892334e-08,0.0,0.0,1.0,2906.37646484375,2906.37646484375,0.33931973576545715,0.060680270195007324,0.0,asphalt,True,0.8342752456665039,52.312477111816406,-7.450580596923828e-09,0.0,0.0,1.0,2907.849365234375,2907.849365234375,0.3392840325832367,0.06071597337722778,0.0,asphalt,396,122.80941727946941,161.91965629837233,122.8080688377699,40.51250457763672,0.0010653026401996613,0.00036045968375533424,2.6295649974259546e-05,13.116512757968076,-1.2901211336772027,0.0,0.0,-0.0,2975.952880859375,True,0.0,395,3.3349404106318885e-05,0.00021618855427761718,2.551683560041171e-05,True,396,122.8096583710668,161.92159152237198,122.80830992936728,40.5125846862793,0.0010653026401996613,0.0003604454340750614,2.6295597977852986e-05,13.165931824872224,-1.274600008359239,0.0,0.0,-0.0,2977.23095703125,True,0.0,395,3.335391601667066e-05,0.00021690994169643531,2.5199022654688987e-05,True,396,122.54424849195975,161.5713203906454,122.54290005026023,40.51250457763672,0.0011736229062080383,-0.001799507980314906,2.8969398908197287e-05,-114.9825241148336,-1.3999711677701698,13.116422139218292,54.72299999999999,54.72299999999999,2906.544189453125,True,0.0,395,7.067768857214609e-10,-0.0019412874657685887,2.8363403923917567e-05,True,396,122.5447541652055,161.5739600792956,122.54340572350598,40.5125846862793,0.0011736229062080383,-0.0017973627781428803,2.8969341624781784e-05,-115.2905890536729,-1.1770080925254405,13.116422139218292,54.72299999999999,54.72299999999999,2908.05224609375,True,0.0,395,7.126499655597773e-10,-0.0019454829750458012,2.383385381789317e-05,True,396
1.350000000000,162,held_throttle,0.0,0.15,0.0,1,-0.0068648322485387325,55.436729431152344,0.41876041889190674,0.022079402580857277,40.469417572021484,-0.03163294494152069,0.0010794964618980885,asphalt,0.0,0.15,0.0,6297.405607578357,3,-0.8592172265052795,-0.004071877337992191,688.108535467539,160.0,-0.0,6083.846466394255,5688.153533605745,4.447737956070341e-05,0.001386852201041969,False,-0.0,True,0,0,-0.014632459729909897,40.469417572021484,0.08153945207595825,False,True,-0.8472964763641357,56.53617477416992,2.9802322387695312e-08,0.0,0.0,1.0,2972.9072265625,2972.9072265625,0.3381689488887787,0.06183105707168579,0.0,asphalt,True,0.8327033519744873,56.53681945800781,1.1175870895385742e-08,0.0,0.0,1.0,2974.01904296875,2974.01904296875,0.33813735842704773,0.06186264753341675,0.0,asphalt,True,-0.8464486598968506,54.33617401123047,-1.1175870895385742e-08,0.0,0.0,1.0,2908.043212890625,2908.043212890625,0.33938363194465637,0.060616374015808105,0.0,asphalt,True,0.8335511684417725,54.336822509765625,-3.725290298461914e-09,0.0,0.0,1.0,2909.353515625,2909.353515625,0.33935192227363586,0.06064808368682861,0.0,asphalt,402,122.67811848924937,168.0564845518787,122.67803920763579,40.46937561035156,0.0009462852030992508,0.00035591088035085344,2.3382747785333794e-05,12.833632547843347,-1.1459819234286208,0.0,0.0,-0.0,2973.47119140625,True,0.0,401,3.11328832658014e-05,0.00021170259081319681,2.26848713832916e-05,True,402,122.6783371437673,168.05843207967882,122.67825786215371,40.469451904296875,0.0009462842717766762,0.0003558079605422586,2.338268069066049e-05,12.877723593071007,-1.129659665602385,0.0,0.0,-0.0,2974.608154296875,True,0.0,401,3.114205374724252e-05,0.00021234872610124825,2.235321892506482e-05,True,402,122.4306836258348,167.69538091147635,122.43060434422122,40.46937561035156,0.0010439800098538399,-0.0016617507142579722,2.5796790631857986e-05,-106.86449431963463,-1.2468928066651643,15.79520518639482,54.72299999999999,54.72299999999999,2907.4833984375,True,0.0,401,4.214513203341835e-10,-0.0018035339418487045,2.525231804088803e-05,True,402,122.43113812327175,167.698038658439,122.43105884165817,40.469451904296875,0.0010439790785312653,-0.0016599266967108207,2.5796718986175367e-05,-107.15452092362641,-1.0387850450993068,15.79520518639482,54.72299999999999,54.72299999999999,2908.818115234375,True,0.0,401,4.293205260050315e-10,-0.001807602018898077,2.102806222187789e-05,True,402
1.400000000000,168,held_throttle,0.0,0.15,0.0,1,-0.007601614110171795,57.45895767211914,0.41874417662620544,0.02219904400408268,40.426856994628906,-0.03173123672604561,0.0009641744545660913,asphalt,0.0,0.15,0.0,6286.5146160501645,3,-0.8464025855064392,-0.0036185216158628464,686.6584652755494,160.0,-0.0,6083.162912808356,5688.837087191644,4.003295543952845e-05,0.0012355423467766244,False,-0.0,True,0,0,-0.014806232415139675,40.42685317993164,0.08132285624742508,False,True,-0.8480345606803894,58.55839920043945,2.2351741790771484e-08,0.0,0.0,1.0,2969.048828125,2969.048828125,0.3381491005420685,0.061850905418395996,0.0,asphalt,True,0.8319652080535889,58.559051513671875,7.450580596923828e-09,0.0,0.0,1.0,2970.144287109375,2970.144287109375,0.3381209075450897,0.061879098415374756,0.0,asphalt,True,-0.8471822738647461,56.358402252197266,-3.725290298461914e-09,0.0,0.0,1.0,2914.816162109375,2914.816162109375,0.339367538690567,0.06063246726989746,0.0,asphalt,True,0.832817554473877,56.359046936035156,2.60770320892334e-08,0.0,0.0,1.0,2915.869140625,2915.869140625,0.3393392264842987,0.06066077947616577,0.0,asphalt,408,122.54893898609633,174.18686556666077,122.54981133278532,40.426902770996094,0.0008392482995986938,0.0003524161743579203,2.0759648698100193e-05,12.592445132287805,-1.015908703271887,0.0,0.0,-0.0,2969.73046875,True,0.0,407,2.9331410639973913e-05,0.00020798561416810813,2.0135381653284913e-05,True,408,122.54913146863113,174.1888242321126,122.55000381532012,40.426971435546875,0.0008392482995986938,0.00035228830148958446,2.075961343817591e-05,12.64092295943411,-0.9988671997022683,0.0,0.0,-0.0,2970.784423828125,True,0.0,407,2.9405068662964634e-05,0.0002087122440583354,1.979059053639761e-05,True,408,122.31648437528867,173.8138045469869,122.31735672197766,40.42689895629883,0.0009271809831261635,-0.0015449889570081736,2.2934754010340304e-05,-100.17748123532436,-1.1106988429469147,17.99669480655269,54.72299999999999,54.72299999999999,2913.557861328125,True,0.0,407,2.786180189958939e-10,-0.0016870713752118786,2.2446101071822662e-05,True,408,122.31687006257951,173.8164778646367,122.3177424092685,40.42696762084961,0.0009271809831261635,-0.0015435365022577086,2.2934715056031497e-05,-100.44483624251112,-0.9143612685003711,17.99669480655269,54.72299999999999,54.72299999999999,2914.609375,True,0.0,407,2.6161442304336144e-10,-0.0016909662186453892,1.847167947306565e-05,True,408
1.450000000000,174,held_throttle,0.0,0.15,0.0,1,-0.00834647100418806,59.479068756103516,0.4187237024307251,0.02230629324913025,40.384796142578125,-0.029625022783875465,0.0008657823782414198,asphalt,0.0,0.15,0.0,6277.612218498818,3,-0.8367924094200134,-0.0032346798107028008,685.2279151218245,160.0,-0.0,6081.988277048079,5690.011722951921,3.579597978387028e-05,0.0011013951441304723,False,-0.0,True,0,0,-0.014959444291889668,40.38479232788086,0.0814116895198822,False,True,-0.8487808704376221,60.57852554321289,-3.3527612686157227e-08,0.0,0.0,1.0,2966.18603515625,2966.18603515625,0.33816763758659363,0.06183236837387085,0.0,asphalt,True,0.8312188982963562,60.57917785644531,-1.4901161193847656e-08,0.0,0.0,1.0,2967.244384765625,2967.244384765625,0.3381422460079193,0.061857759952545166,0.0,asphalt,True,-0.8479244112968445,58.37852478027344,3.3527612686157227e-08,0.0,0.0,1.0,2920.9287109375,2920.9287109375,0.3393050730228424,0.06069493293762207,0.0,asphalt,True,0.8320754766464233,58.37917709350586,7.450580596923828e-09,0.0,0.0,1.0,2921.83740234375,2921.83740234375,0.33927974104881287,0.06072026491165161,0.0,asphalt,414,122.42126668764007,180.3108679108239,122.42263150362027,40.384891510009766,0.0007490618154406548,0.00034979657944499734,1.8548070512188766e-05,12.418852792900902,-0.9064102835902391,0.0,0.0,-0.0,2966.719482421875,True,0.0,413,2.8105921030508072e-05,0.00020532660608132963,1.798334649602635e-05,True,414,122.4214471683643,180.31283675288606,122.42281198434449,40.384952545166016,0.0007490627467632294,0.00034975948971108386,1.8548065540985517e-05,12.46205601463828,-0.8887306806654427,0.0,0.0,-0.0,2967.802978515625,True,0.0,413,2.814064500489115e-05,0.00020596569005946696,1.762613896469079e-05,True,414,122.20122793178923,179.92652887658937,122.20259274776943,40.384891510009766,0.0008276868611574173,-0.0014482221031799202,2.0494963093719823e-05,-94.65038564834488,-0.9944552861127226,19.794929428446586,54.72299999999999,54.72299999999999,2920.084228515625,True,0.0,413,1.834763538963502e-10,-0.0015903676334667323,2.0051259027690124e-05,True,414,122.2015825109029,179.92921571980028,122.20294732688309,40.384952545166016,0.0008276877924799919,-0.001446833854830185,2.049495518011141e-05,-94.90598532536158,-0.8078141590365866,19.794929428446586,54.72299999999999,54.72299999999999,2921.01806640625,True,0.0,413,1.99140594116135e-10,-0.0015941548348873394,1.6282819374866992e-05,True,414
1.500000000000,180,held_throttle,0.0,0.15,0.0,1,-0.009098454378545284,61.497093200683594,0.4187109172344208,0.0224020816385746,40.34321594238281,-0.026492256671190262,0.0007698889239691198,asphalt,0.0,0.15,0.0,6269.886093499506,3,-0.827637255191803,-0.002884818706661463,683.8152771476889,160.0,-0.0,6080.520133778502,5691.479866221498,3.193253724020906e-05,0.0009813979424136926,False,-0.0,True,0,0,-0.015094605274498463,40.34321212768555,0.08161192387342453,False,True,-0.8495339751243591,62.59657287597656,1.862645149230957e-08,0.0,0.0,1.0,2962.781982421875,2962.781982421875,0.33821359276771545,0.06178641319274902,0.0,asphalt,True,0.8304658532142639,62.59722900390625,1.1175870895385742e-08,0.0,0.0,1.0,2963.71630859375,2963.71630859375,0.3381910026073456,0.061809003353118896,0.0,asphalt,True,-0.8486737608909607,60.396575927734375,3.725290298461914e-08,0.0,0.0,1.0,2924.685546875,2924.685546875,0.33923080563545227,0.06076920032501221,0.0,asphalt,True,0.8313260078430176,60.3972282409668,-1.1175870895385742e-08,0.0,0.0,1.0,2925.479736328125,2925.479736328125,0.3392082750797272,0.060791730880737305,0.0,asphalt,420,122.29497974524286,186.42854175437557,122.29649128934845,40.343326568603516,0.0006671501323580742,0.0003474365779627384,1.6536815107766987e-05,12.259783747235705,-0.8073528655823113,0.0,0.0,-0.0,2963.345947265625,True,0.0,419,2.699627668675282e-05,0.00020292738595191864,1.6036262856356632e-05,True,420,122.29513916419563,186.43051982243128,122.29665070830123,40.343379974365234,0.0006671501323580742,0.00034741635004875964,1.6536793216660994e-05,12.303908367186969,-0.7890611361783307,0.0,0.0,-0.0,2964.30078125,True,0.0,419,2.7070198357199352e-05,0.00020359215549809004,1.56678865823123e-05,True,420,122.08502778871964,186.03347972008388,122.08653933282524,40.343326568603516,0.0007372871041297913,-0.0013699266527277757,1.8275317549581804e-05,-90.12752624838251,-0.8881594746691372,21.27463269912109,54.72299999999999,54.72299999999999,2924.193115234375,True,0.0,419,1.3049829765344563e-10,-0.0015122002712004664,1.7882328130761392e-05,True,420,122.08535004895947,186.03617867415005,122.08686159306507,40.343379974365234,0.0007372871041297913,-0.0013686126012172036,1.827529335708096e-05,-90.36673870398002,-0.7094529086873926,21.27463269912109,54.72299999999999,54.72299999999999,2925.005615234375,True,0.0,419,1.2707639012024524e-10,-0.001515794675853453,1.4280275558557977e-05,True,420
1.550000000000,186,held_throttle,0.0,0.15,0.0,1,-0.009856711141765118,63.5130500793457,0.4187074303627014,0.022487448528409004,40.30203628540039,-0.02321925386786461,0.0006826987955719233,asphalt,0.0,0.15,0.0,6262.852017958595,3,-0.8212277293205261,-0.002569691278040409,682.4184338776339,160.0,-0.0,6078.9199266888545,5693.0800733111455,2.843352012860123e-05,0.0008742508929529655,False,-0.0,True,0,0,-0.015213374979794025,40.302032470703125,0.08175661414861679,False,True,-0.8502932190895081,64.612548828125,0.0,0.0,0.0,1.0,2959.70849609375,2959.70849609375,0.33827170729637146,0.06172829866409302,0.0,asphalt,True,0.829706609249115,64.61320495605469,-1.1175870895385742e-08,0.0,0.0,1.0,2960.53564453125,2960.53564453125,0.33825168013572693,0.06174832582473755,0.0,asphalt,True,-0.8494298458099365,62.41255187988281,-2.2351741790771484e-08,0.0,0.0,1.0,2926.749267578125,2926.749267578125,0.33916327357292175,0.060836732387542725,0.0,asphalt,True,0.8305699825286865,62.413211822509766,-3.725290298461914e-08,0.0,0.0,1.0,2927.450927734375,2927.450927734375,0.339143306016922,0.06085669994354248,0.0,asphalt,426,122.169895067576,192.53993628501493,122.17130396642969,40.30214309692383,0.0005936138331890106,0.00034544751981973665,1.472908851815854e-05,12.124156618205085,-0.7183965046627815,0.0,0.0,-0.0,2960.16650390625,True,0.0,425,2.6091410597263758e-05,0.00020089798519309855,1.4284668534493795e-05,True,426,122.17003394142674,192.54192262009718,122.17144284028043,40.302188873291016,0.0005936138331890106,0.000345448417791423,1.4729071788442782e-05,12.169501778180829,-0.6995435748496474,0.0,0.0,-0.0,2961.01123046875,True,0.0,425,2.6184125609815103e-05,0.0002015918366916501,1.3905823388184506e-05,True,426,121.96827423734521,192.13460564939749,121.96968313619891,40.30214309692383,0.0006560636684298515,-0.001305454116258227,1.627862981862065e-05,-86.35693594369883,-0.7918163661393215,22.51329606512096,54.72299999999999,54.72299999999999,2926.49462890625,True,0.0,425,1.061124792519354e-10,-0.0014477630472634682,1.59296407982824e-05,True,426,121.9685643256424,192.13731521115105,121.9699732244961,40.302188873291016,0.0006560636684298515,-0.0013042131779560661,1.627861132889201e-05,-86.59196174870486,-0.61973469206109,22.51329606512096,54.72299999999999,54.72299999999999,2927.211181640625,True,0.0,425,1.0614270060031168e-10,-0.0014513496565882055,1.2464691377186351e-05,True,426
1.600000000000,192,held_throttle,0.0,0.15,0.0,1,-0.01062047015875578,65.5269546508789,0.41870900988578796,0.022563386708498,40.26120376586914,-0.020399540662765503,0.0006057685823179781,asphalt,0.0,0.15,0.0,6256.22528336535,3,-0.8143605589866638,-0.002286979230120778,681.0346316275605,160.0,-0.0,6077.327730689264,5694.672269310736,2.527134529373143e-05,0.0007786150391510535,False,-0.0,True,0,0,-0.015317417681217194,40.261199951171875,0.08179734647274017,False,True,-0.8510579466819763,66.62647247314453,3.725290298461914e-08,0.0,0.0,1.0,2957.583984375,2957.583984375,0.33832624554634094,0.061673760414123535,0.0,asphalt,True,0.8289418816566467,66.62713623046875,-1.4901161193847656e-08,0.0,0.0,1.0,2958.315673828125,2958.315673828125,0.33830854296684265,0.061691462993621826,0.0,asphalt,True,-0.8501915335655212,64.42647552490234,1.1175870895385742e-08,0.0,0.0,1.0,2927.743408203125,2927.743408203125,0.3391095697879791,0.06089043617248535,0.0,asphalt,True,0.8298082947731018,64.42713928222656,0.0,0.0,0.0,1.0,2928.37060546875,2928.37060546875,0.33909180760383606,0.06090819835662842,0.0,asphalt,432,122.04582144049226,198.6450960083128,122.04698400673686,40.261287689208984,0.0005279900506138802,0.00034359025623446296,1.3114087523959814e-05,12.005952362264031,-0.639150207566817,0.0,0.0,-0.0,2957.858642578125,True,0.0,431,2.530535929807924e-05,0.00019909454654073222,1.2718842452738928e-05,True,432,122.04594757826153,198.64708971070206,122.04711014450614,40.26133346557617,0.0005279900506138802,0.0003434867665761585,1.311407261349277e-05,12.05072407842482,-0.6197938397725276,0.0,0.0,-0.0,2958.611083984375,True,0.0,431,2.5423558402418245e-05,0.00019978617835565696,1.23305181922921e-05,True,432,121.85125863213898,198.22987686717613,121.85242119838358,40.261287689208984,0.0005834931507706642,-0.0012511358551658914,1.4492659927670495e-05,-83.14866085333514,-0.705235113043941,23.574792405231673,54.72299999999999,54.72299999999999,2927.629638671875,True,0.0,431,7.89413347897299e-11,-0.001393410532780379,1.4182049708829139e-05,True,432,121.851523479723,198.2325957952074,121.8526860459676,40.26133346557617,0.0005834931507706642,-0.0012501006036129128,1.4492643449792959e-05,-83.37690818997717,-0.5387945066224976,23.574792405231673,54.72299999999999,54.72299999999999,2928.269287109375,True,0.0,431,8.997011864645048e-11,-0.001396931938487043,1.0832628902545994e-05,True,432
1.650000000000,198,held_throttle,0.0,0.15,0.0,1,-0.011389089748263359,67.53893280029297,0.4187121093273163,0.02263098582625389,40.22580337524414,-0.0163371954113245,0.0005386601551435888,asphalt,0.0,0.15,0.0,5824.663033005787,4,-0.6129460334777832,-0.002039562212303281,679.7810125672677,160.0,-0.0,6070.80086405066,5701.19913594934,2.2513360818265937e-05,0.0006927164830047443,False,-0.0,True,0,0,-0.015410753898322582,40.225799560546875,0.08189919590950012,False,True,-0.8518273830413818,68.63848114013672,0.0,0.0,0.0,1.0,2949.56396484375,2949.56396484375,0.33840641379356384,0.061593592166900635,0.0,asphalt,True,0.8281724452972412,68.63914489746094,2.60770320892334e-08,0.0,0.0,1.0,2950.222412109375,2950.222412109375,0.3383905589580536,0.06160944700241089,0.0,asphalt,True,-0.8509584665298462,66.43848419189453,1.862645149230957e-08,0.0,0.0,1.0,2938.6806640625,2938.6806640625,0.33903369307518005,0.060966312885284424,0.0,asphalt,True,0.8290414214134216,66.43914794921875,-2.9802322387695312e-08,0.0,0.0,1.0,2939.242431640625,2939.242431640625,0.3390178978443146,0.0609821081161499,0.0,asphalt,438,121.93217656398231,204.74421579428946,121.93447468066627,40.22598648071289,0.0004690578207373619,0.00028916097326407925,1.1660567253981489e-05,8.68156874789003,-0.5669798775536227,0.0,0.0,-0.0,2951.548095703125,True,0.0,437,8.66312144290751e-06,0.00014427397903557713,1.130678106727843e-05,True,438,121.9322933255772,204.7462162810422,121.93459144226117,40.22602462768555,0.0004690578207373619,0.0002891702538989295,1.1660556196081926e-05,8.71528755608053,-0.553938915099142,0.0,0.0,-0.0,2952.216064453125,True,0.0,437,8.653775766656273e-06,0.00014480156552067097,1.1044216180812436e-05,True,438,121.99716935283155,204.32595924704623,121.99946746951551,40.22598648071289,0.0005185026675462723,0.0008223392044688189,1.288974399089411e-05,40.63668006726336,-0.629097819759448,19.48382020717121,6.2271,6.2271,2936.234619140625,True,0.0,437,1.5987253534855256e-12,0.0006788759868048855,1.2611642559079648e-05,True,438,121.9972434338898,204.32868588054237,121.99954155057377,40.22602462768555,0.0005185026675462723,0.0008219978435386206,1.2889731767346889e-05,40.76866207416346,-0.7195356690451674,19.48382020717121,6.2271,6.2271,2936.81005859375,True,0.0,437,1.0764722516039954e-11,0.0006809476581915552,1.4421845717569488e-05,True,438
1.700000000000,204,held_throttle,0.0,0.15,0.0,1,-0.012162097729742527,69.5493392944336,0.41872480511665344,0.022690758109092712,40.195228576660156,-0.008338015526533127,0.00047940239892341197,asphalt,0.0,0.15,0.0,5397.885716977747,4,-0.6166074275970459,-0.00181163614615798,678.7491920304383,160.0,-0.0,6058.093497567241,5713.906502432759,1.9761559087783098e-05,0.000616179589445451,False,-0.0,True,0,0,-0.015493854880332947,40.19522476196289,0.08212639391422272,False,True,-0.8526011109352112,70.64894104003906,3.725290298461914e-09,0.0,0.0,1.0,2938.51171875,2938.51171875,0.3385717570781708,0.0614282488822937,0.0,asphalt,True,0.8273987174034119,70.64961242675781,-1.1175870895385742e-08,0.0,0.0,1.0,2939.095458984375,2939.095458984375,0.3385576903820038,0.06144231557846069,0.0,asphalt,True,-0.8517298102378845,68.44894409179688,-1.862645149230957e-08,0.0,0.0,1.0,2948.892333984375,2948.892333984375,0.3388918936252594,0.06110811233520508,0.0,asphalt,True,0.8282700181007385,68.4496078491211,1.1175870895385742e-08,0.0,0.0,1.0,2949.392578125,2949.392578125,0.3388778269290924,0.06112217903137207,0.0,asphalt,444,121.83866603734012,210.83837681213828,121.84157010392326,40.19546890258789,0.00041709188371896744,0.0002808995651154201,1.0376589578163722e-05,8.133038620653634,-0.5027302429389189,0.0,0.0,-0.0,2940.1650390625,True,0.0,443,6.953308152942109e-06,0.00013568152833571276,1.0064319059249299e-05,True,444,121.83877305741905,210.84038345717806,121.84167712400219,40.19550323486328,0.00041709188371896744,0.00028092381426411656,1.0376580715183978e-05,8.161904549387948,-0.49028058865514634,0.0,0.0,-0.0,2940.76171875,True,0.0,443,6.927027257389244e-06,0.0001361354670573094,9.813093121925004e-06,True,444,121.89723743653184,210.42344396584397,121.90014150311498,40.19546890258789,0.0004604896530508995,0.0007617637585425371,1.1456257772405441e-05,37.125336298064994,-0.5614342949728457,15.07066273354377,6.2271,6.2271,2947.679443359375,True,0.0,443,0.0008793076066459331,0.0006177869354276812,1.1211224340167452e-05,True,444,121.8972902023956,210.42617583360305,121.90019426897874,40.19550323486328,0.0004604896530508995,0.0007613421767219482,1.145624798724628e-05,37.23992311613772,-0.6442795702589853,15.07066273354377,6.2271,6.2271,2948.191162109375,True,0.0,443,0.0008878594101041557,0.000619586235014936,1.286347096703916e-05,True,444
1.750000000000,210,held_throttle,0.0,0.15,0.0,1,-0.012938936240971088,71.55819702148438,0.4187447726726532,0.022742969915270805,40.16398239135742,-0.0001627316087251529,0.0004262247821316123,asphalt,0.0,0.15,0.0,5137.33625719962,4,-0.6298821568489075,-0.0016079877968877554,677.6982040312458,160.0,-0.0,6049.771976787072,5722.228023212928,1.7227979697054252e-05,0.0005472476363532842,False,-0.0,True,0,0,-0.0155660230666399,40.163978576660156,0.08212701976299286,False,True,-0.8533785343170166,72.65786743164062,0.0,0.0,0.0,1.0,2931.07763671875,2931.07763671875,0.33874788880348206,0.06125211715698242,0.0,asphalt,True,0.8266212344169617,72.65853118896484,1.4901161193847656e-08,0.0,0.0,1.0,2931.596435546875,2931.596435546875,0.3387353718280792,0.061264634132385254,0.0,asphalt,True,-0.8525053262710571,70.4578628540039,-7.450580596923828e-09,0.0,0.0,1.0,2953.03369140625,2953.03369140625,0.33875414729118347,0.061245858669281006,0.0,asphalt,True,0.8274945020675659,70.45853424072266,7.450580596923828e-09,0.0,0.0,1.0,2953.4775390625,2953.4775390625,0.33874163031578064,0.06125837564468384,0.0,asphalt,450,121.74445329012872,216.92787017315976,121.74686935439297,40.164180755615234,0.0003704121336340904,0.00028604666922367976,9.222449621901042e-06,8.409196487142228,-0.44570602650837743,0.0,0.0,-0.0,2931.994140625,True,0.0,449,7.799315273896312e-06,0.00014067957355096302,8.947600146950239e-06,True,450,121.74454200305473,216.92988219515735,121.74695806731899,40.16421127319336,0.00037041399627923965,0.0002860155210460503,9.222488990240968e-06,8.440507124955777,-0.4321771875675789,0.0,0.0,-0.0,2932.5224609375,True,0.0,449,7.801038386564024e-06,0.00014117794085752688,8.67444314339484e-06,True,450,121.78440625744815,216.51532949264515,121.7868223217124,40.164180755615234,0.0004082433879375458,0.000614311281307795,1.0164364870467608e-05,28.313637070961043,-0.4990632616138785,12.277673650357707,6.2271,6.2271,2952.655029296875,True,0.0,449,0.000382099628477098,0.0004703569982907537,9.948819927241186e-06,True,450,121.78446106632923,216.51806602782133,121.78687713059348,40.16421127319336,0.000408245250582695,0.0006140013189240822,1.0164403523121323e-05,28.404308776233698,-0.5630188639218373,12.277673650357707,6.2271,6.2271,2953.107177734375,True,0.0,449,0.00038610820949709396,0.00047179105559854085,1.1222120183317081e-05,True,450
1.800000000000,216,held_throttle,0.0,0.15,0.0,1,-0.01371909398585558,73.56546783447266,0.418759286403656,0.022788412868976593,40.13221740722656,0.005836420226842165,0.0003786276211030781,asphalt,0.0,0.15,0.0,4977.602389820315,4,-0.6385803818702698,-0.0014253980480134487,676.6292524927776,160.0,-0.0,6044.5262014575055,5727.4737985424945,1.4982299035182223e-05,0.0004851403252998901,False,-0.0,True,0,0,-0.0156283900141716,40.1322135925293,0.08188307285308838,False,True,-0.8541592359542847,74.66517639160156,1.4901161193847656e-08,0.0,0.0,1.0,2928.35888671875,2928.35888671875,0.338876873254776,0.06112313270568848,0.0,asphalt,True,0.8258405923843384,74.66584777832031,-1.862645149230957e-08,0.0,0.0,1.0,2928.817138671875,2928.817138671875,0.3388657867908478,0.0611342191696167,0.0,asphalt,True,-0.8532842397689819,72.46517944335938,-1.4901161193847656e-08,0.0,0.0,1.0,2953.47412109375,2953.47412109375,0.33865275979042053,0.061347246170043945,0.0,asphalt,True,0.8267155289649963,72.4658432006836,-4.842877388000488e-08,0.0,0.0,1.0,2953.862548828125,2953.862548828125,0.3386417329311371,0.06135827302932739,0.0,asphalt,456,121.64834655311718,223.01256237268942,121.6497816789459,40.13233184814453,0.00032834336161613464,0.00028960476127114324,8.181517158066385e-06,8.614440013261452,-0.39509743554203175,0.0,0.0,-0.0,2928.494384765625,True,0.0,455,8.476879229739995e-06,0.00014428537905820496,7.9411065950311e-06,True,456,121.64842306627274,223.01457906738162,121.64985819210146,40.13235855102539,0.0003283452242612839,0.0002895683499349478,8.181558126878849e-06,8.645553294365394,-0.38068390815638803,0.0,0.0,-0.0,2928.966064453125,True,0.0,455,8.483919878255815e-06,0.00014478318633311734,7.650174310133698e-06,True,456,121.67628258020841,222.6016703194538,121.67771770603713,40.13233184814453,0.0003612404689192772,0.0005193170285521608,9.001232977849568e-06,22.60934477327867,-0.4422348445669597,10.507617627737105,6.2271,6.2271,2953.575927734375,True,0.0,455,0.00019017328719270267,0.00037547629996123046,8.813137538609091e-06,True,456,121.67633735459259,222.6044111624549,121.67777248042131,40.13235855102539,0.0003612414002418518,0.0005191017109965667,9.001250194971802e-06,22.681456962717842,-0.49373976585200197,10.507617627737105,6.2271,6.2271,2953.9765625,True,0.0,455,0.00019225235726391655,0.00037662280465471825,9.83825765281116e-06,True,456
1.850000000000,222,held_throttle,0.0,0.15,0.0,1,-0.014502111822366714,75.5711441040039,0.41875892877578735,0.02282799407839775,40.10011291503906,0.008857356384396553,0.00033609828096814454,asphalt,0.0,0.15,0.0,4879.073757058089,4,-0.6440739035606384,-0.0012617337051779032,675.5488074714495,160.0,-0.0,6041.236439668858,5730.763560331142,1.3051550922682509e-05,0.0004293187137916823,False,-0.0,True,0,0,-0.015682024881243706,40.1001091003418,0.08154761791229248,False,True,-0.854942798614502,76.67086791992188,0.0,0.0,0.0,1.0,2929.71630859375,2929.71630859375,0.3389338552951813,0.0610661506652832,0.0,asphalt,True,0.8250570297241211,76.67153930664062,1.4901161193847656e-08,0.0,0.0,1.0,2930.119873046875,2930.119873046875,0.3389240801334381,0.06107592582702637,0.0,asphalt,True,-0.8540662527084351,74.47087097167969,-3.725290298461914e-09,0.0,0.0,1.0,2951.9736328125,2951.9736328125,0.33859381079673767,0.06140619516372681,0.0,asphalt,True,0.825933575630188,74.47154998779297,-3.725290298461914e-09,0.0,0.0,1.0,2952.319580078125,2952.319580078125,0.33858397603034973,0.061416029930114746,0.0,asphalt,462,121.55098891655443,229.09236129252568,121.55140542243252,40.10013961791992,0.0002905242145061493,0.00029143850007488047,7.244967655205791e-06,8.735320879625604,-0.3500524376011696,0.0,0.0,-0.0,2929.269775390625,True,0.0,461,8.900711552924098e-06,0.00014627131840176238,7.0338803549307e-06,True,462,121.55105362281842,229.09438207137734,121.55147012869651,40.100162506103516,0.0002905242145061493,0.0002914000516777577,7.244963519956967e-06,8.766418465159493,-0.3349572627798767,0.0,0.0,-0.0,2929.68359375,True,0.0,461,8.924288143355702e-06,0.00014677130993984394,6.729609272384071e-06,True,462,121.57135581669478,228.68264683212809,121.57177232257287,40.10013961791992,0.0003191828727722168,0.00045904582290104217,7.959644924099962e-06,18.980561003088646,-0.3909611413920842,9.384517175576045,6.2271,6.2271,2952.304931640625,True,0.0,461,0.00011004218711655912,0.0003153475780804889,7.794648602596882e-06,True,462,121.57140842344037,228.6853916060714,121.57182492931847,40.100162506103516,0.0003191828727722168,0.00045890770714472964,7.959640380930983e-06,19.03920278510109,-0.4343838051736827,9.384517175576045,6.2271,6.2271,2952.660400390625,True,0.0,461,0.0001112679530425125,0.00031628379286007354,8.659348064821693e-06,True,462
1.900000000000,228,held_throttle,0.0,0.15,0.0,1,-0.015287579968571663,77.57521057128906,0.41874319314956665,0.02286255545914173,40.06782150268555,0.009195800870656967,0.0002998095587827265,asphalt,0.0,0.15,0.0,4817.710500653877,4,-0.6468198299407959,-0.0011128198821097612,674.4621632877924,160.0,-0.0,6039.14695860273,5732.85304139727,1.1407785677874926e-05,0.00037941135780466,False,-0.0,True,0,0,-0.01572784036397934,40.06781768798828,0.08133289217948914,False,True,-0.8557286858558655,78.67494201660156,1.4901161193847656e-08,0.0,0.0,1.0,2934.921142578125,2934.921142578125,0.3389240801334381,0.06107592582702637,0.0,asphalt,True,0.8242711424827576,78.67560577392578,-4.470348358154297e-08,0.0,0.0,1.0,2935.240966796875,2935.240966796875,0.3389153778553009,0.061084628105163574,0.0,asphalt,True,-0.8548508286476135,76.47494506835938,-1.4901161193847656e-08,0.0,0.0,1.0,2949.65478515625,2949.65478515625,0.33857104182243347,0.061428964138031006,0.0,asphalt,True,0.8251490592956543,76.4756088256836,-3.725290298461914e-09,0.0,0.0,1.0,2949.980224609375,2949.980224609375,0.3385622203350067,0.061437785625457764,0.0,asphalt,468,121.45297302374614,235.16722599461255,121.4526451429317,40.06778335571289,0.00025591254234313965,0.00029194882131333965,6.386990267660305e-06,8.794979530021461,-0.30923928973391557,0.0,0.0,-0.0,2933.93017578125,True,0.0,467,9.108251953012163e-06,0.00014703636128779565,6.203919430114825e-06,True,468,121.45303262637601,235.16925049837562,121.45270474556158,40.06780242919922,0.00025591254234313965,0.0002919635416875892,6.3869872272596795e-06,8.823609354792431,-0.29360493539052585,0.0,0.0,-0.0,2934.259033203125,True,0.0,467,9.137694910397477e-06,0.00014749847047442057,5.889603691645748e-06,True,468,121.46858237198087,234.75839277146642,121.46825449116643,40.06778335571289,0.00028096139430999756,0.00042050808978415694,7.012152177500803e-06,16.66443488706729,-0.34430216048267115,8.671277578572054,6.2271,6.2271,2950.073974609375,True,0.0,467,7.30316682122909e-05,0.00027707592184784697,6.869579026784327e-06,True,468,121.46863080875924,234.7611410558903,121.4683029279448,40.06780242919922,0.00028096139430999756,0.00042043078656735976,7.012148839504193e-06,16.714655025045456,-0.3824314493154352,8.671277578572054,6.2271,6.2271,2950.400390625,True,0.0,467,7.38650471615634e-05,0.000277880179440794,7.629509283482093e-06,True,468
1.950000000000,234,held_throttle,0.0,0.15,0.0,1,-0.01607506535947323,79.57752227783203,0.41872483491897583,0.02289278246462345,40.03023147583008,0.00543889170512557,0.00026785137015394866,asphalt,0.0,0.15,0.0,4777.016445394206,4,-0.7575978636741638,-0.0009871418587863445,673.2284661928425,160.0,-0.0,6043.5868988788225,5728.4131011211775,1.0030397788796108e-05,0.00033530744793968835,False,-0.0,True,0,0,-0.015764467418193817,40.03022766113281,0.08152741193771362,False,True,-0.8565164804458618,80.6772232055664,-3.725290298461914e-09,0.0,0.0,1.0,2948.28466796875,2948.28466796875,0.33883312344551086,0.06116688251495361,0.0,asphalt,True,0.8234832882881165,80.67789459228516,1.862645149230957e-08,0.0,0.0,1.0,2948.55859375,2948.55859375,0.3388253152370453,0.06117469072341919,0.0,asphalt,True,-0.8556374907493591,78.47722625732422,1.1175870895385742e-08,0.0,0.0,1.0,2941.1875,2941.1875,0.33862432837486267,0.06137567758560181,0.0,asphalt,True,0.8243623375892639,78.47789764404297,-2.60770320892334e-08,0.0,0.0,1.0,2941.512451171875,2941.512451171875,0.3386164605617523,0.06138354539871216,0.0,asphalt,474,121.34286041926472,241.23687357254616,121.34107530357662,40.03006362915039,0.00022681616246700287,0.00032676213878022773,5.666145439234455e-06,10.952327011813285,-0.27538387736298753,0.0,0.0,-0.0,2946.746337890625,True,0.0,473,1.894242219690944e-05,0.0001823071239990155,5.5006952443025295e-06,True,474,121.34291095474717,241.23890134903704,121.34112583905906,40.03008270263672,0.00022681616246700287,0.0003267021086865874,5.666142739436197e-06,10.988273168103616,-0.2548258453208563,0.0,0.0,-0.0,2947.032470703125,True,0.0,473,1.9074334979274764e-05,0.00018288771108930356,5.089559128002541e-06,True,474,121.21624683335956,240.8221188601159,121.21446171767145,40.03006362915039,0.00024884194135665894,-0.0007170154513777374,6.2163763629954305e-06,-51.551659445438354,-0.3042265264627494,22.396727141867736,41.514,41.514,2942.475341796875,True,0.0,473,5.819347706716196e-12,-0.0008594235226982274,6.0861536380453646e-06,True,474,121.21637504541167,240.8248708753942,121.21458992972356,40.03008270263672,0.0002488400787115097,-0.0007164346340203151,6.216326869889622e-06,-51.691763708068805,-0.1987526771906851,22.396727141867736,41.514,41.514,2942.812255859375,True,0.0,473,6.538807924561243e-13,-0.0008616609520447846,3.975660540797343e-06,True,474
2.000000000000,240,held_throttle,0.0,0.15,0.0,1,-0.016864221543073654,81.57795715332031,0.4187198579311371,0.022919651120901108,39.99367904663086,-0.0002783588133752346,0.00023640131985303015,asphalt,0.0,0.15,0.0,4750.679748155892,4,-0.7141109704971313,-0.0008728562388569117,671.9875671961778,160.0,-0.0,6046.781535652682,5725.218464347318,8.961139428720344e-06,0.0002958418918809227,False,-0.0,True,0,0,-0.015795817598700523,39.993675231933594,0.0817890614271164,False,True,-0.8573059439659119,82.67761993408203,-2.60770320892334e-08,0.0,0.0,1.0,2952.734375,2952.734375,0.3387179672718048,0.06128203868865967,0.0,asphalt,True,0.8226938843727112,82.67829132080078,1.862645149230957e-08,0.0,0.0,1.0,2952.972412109375,2952.972412109375,0.33871105313301086,0.06128895282745361,0.0,asphalt,True,-0.856425940990448,80.47762298583984,-3.725290298461914e-09,0.0,0.0,1.0,2935.169677734375,2935.169677734375,0.3387286961078644,0.0612713098526001,0.0,asphalt,True,0.823573887348175,80.4782943725586,-1.4901161193847656e-08,0.0,0.0,1.0,2935.455322265625,2935.455322265625,0.33872172236442566,0.06127828359603882,0.0,asphalt,480,121.23050620499775,247.3008191331351,121.22874587436449,39.99351501464844,0.00020003318786621094,0.00031385170811381354,5.001640585761884e-06,10.211099152604435,-0.2435523601871713,0.0,0.0,-0.0,2952.463134765625,True,0.0,479,1.5056183679851434e-05,0.00016963984946221803,4.855449888173237e-06,True,480,121.23055251852138,247.3028499373047,121.22879218788812,39.9935302734375,0.00020003318786621094,0.0003138522053125943,5.001638677478765e-06,10.244993767028289,-0.22421332439191174,0.0,0.0,-0.0,2952.705078125,True,0.0,479,1.5159623340189012e-05,0.00017018900670475752,4.469539428956983e-06,True,480,121.15971709783346,246.8812987459225,121.1579567672002,39.99351501464844,0.000219712033867836,-0.0002702531237735345,5.493691509364747e-06,-24.69472969525243,-0.26827306691574754,31.522212143806396,41.514,41.514,2935.92578125,True,0.0,479,0.0003080030273032404,-0.00041257380599145653,5.378507433792897e-06,True,480,121.15980702017572,246.88405425871505,121.15804668954246,39.9935302734375,0.000219712033867836,-0.00026989257276639024,5.493689413348733e-06,-24.759474074515808,-0.21890283828432341,31.522212143806396,41.514,41.514,2936.213134765625,True,0.0,479,0.0003106660481467622,-0.00041361501643800497,4.388226237087795e-06,True,480
2.050000000000,246,held_throttle,0.0,0.15,0.0,1,-0.01765481010079384,83.57662200927734,0.418723464012146,0.022943729534745216,39.95902633666992,-0.004649126436561346,0.0002079849218716845,asphalt,0.0,0.15,0.0,4733.792173044498,4,-0.6802363991737366,-0.0007701643044129014,670.8142747274615,160.0,-0.0,6046.5171669170195,5725.4828330829805,8.051328222791199e-06,0.00026126911017729666,False,-0.0,True,0,0,-0.015822526067495346,39.959022521972656,0.0818193107843399,False,True,-0.858096718788147,84.67625427246094,-1.862645149230957e-08,0.0,0.0,1.0,2951.838134765625,2951.838134765625,0.33863726258277893,0.06136274337768555,0.0,asphalt,True,0.8219031095504761,84.67691802978516,-2.2351741790771484e-08,0.0,0.0,1.0,2952.04931640625,2952.04931640625,0.33863112330436707,0.06136888265609741,0.0,asphalt,True,-0.8572157621383667,82.47624206542969,-3.725290298461914e-09,0.0,0.0,1.0,2933.08203125,2933.08203125,0.33881571888923645,0.06118428707122803,0.0,asphalt,True,0.8227840065956116,82.4769287109375,7.450580596923828e-09,0.0,0.0,1.0,2933.330322265625,2933.330322265625,0.33880963921546936,0.06119036674499512,0.0,asphalt,486,121.12424819867972,253.3593346362974,121.12325223335445,39.95893096923828,0.00017643161118030548,0.00030208356513137657,4.415323606003922e-06,9.51669885839424,-0.2149385915794092,0.0,0.0,-0.0,2952.216552734375,True,0.0,485,1.1927462852377356e-05,0.00015811675183516588,4.285363125311862e-06,True,486,121.1242864896548,253.36136822610968,121.12329052432953,39.958946228027344,0.00017643161118030548,0.00030201781322946794,4.415321919961173e-06,9.552364571771998,-0.19679084811906944,0.0,0.0,-0.0,2952.431884765625,True,0.0,485,1.2023605996791708e-05,0.0001586977530135698,3.923252693217661e-06,True,486,121.09387999733009,252.93744865605152,121.09288403200482,39.95893096923828,0.00019411183893680573,5.1288406144484466e-05,4.857783584969093e-06,-5.438830472299925,-0.23694812103158347,37.58723301696287,41.514,41.514,2933.1435546875,True,0.0,485,4.331382710723089e-06,-9.095180033894573e-05,4.754891423467325e-06,True,486,121.0939387888176,252.94020710907301,121.09294282349232,39.958946228027344,0.00019411183893680573,5.139205300221095e-05,4.8577817299678465e-06,-5.448980561004404,-0.22766308471752786,37.58723301696287,41.514,41.514,2933.396240234375,True,0.0,485,4.401966878913033e-06,-9.111368695735716e-05,4.568172208380178e-06,True,486
2.100000000000,252,held_throttle,0.0,0.15,0.0,1,-0.018446607515215874,85.57360076904297,0.41872406005859375,0.022965341806411743,39.925682067871094,-0.006394411437213421,0.00018280356016475707,asphalt,0.0,0.15,0.0,4722.489156523599,4,-0.6582633852958679,-0.0006806926103308797,669.6892213628673,160.0,-0.0,6044.522427205838,5727.477572794162,7.225366061902605e-06,0.00023104347176724135,False,-0.0,True,0,0,-0.01584501564502716,39.92567825317383,0.0816570371389389,False,True,-0.8588887453079224,86.6732177734375,-7.450580596923828e-09,0.0,0.0,1.0,2948.5751953125,2948.5751953125,0.3386039435863495,0.06139606237411499,0.0,asphalt,True,0.8211110830307007,86.67388916015625,-3.725290298461914e-09,0.0,0.0,1.0,2948.755615234375,2948.755615234375,0.3385986387729645,0.0614013671875,0.0,asphalt,True,-0.85800701379776,84.47321319580078,1.1175870895385742e-08,0.0,0.0,1.0,2934.772705078125,2934.772705078125,0.3388494551181793,0.061150550842285156,0.0,asphalt,True,0.821992814540863,84.47389221191406,0.0,0.0,0.0,1.0,2934.9912109375,2934.9912109375,0.33884409070014954,0.06115591526031494,0.0,asphalt,492,121.02253294033312,259.412711871142,121.02245275546761,39.9256706237793,0.00015577301383018494,0.000294678745449278,3.901575387355367e-06,9.057818537192812,-0.18973835728055063,0.0,0.0,-0.0,2949.19287109375,True,0.0,491,1.0128874104521809e-05,0.00015064688193002241,3.7868080879621105e-06,True,492,121.02257065091214,259.4147480681711,121.02249046604663,39.925682067871094,0.00015577487647533417,0.00029470371751982524,3.901620921835135e-06,9.093197474319489,-0.17233809542233533,0.0,0.0,-0.0,2949.380126953125,True,0.0,491,1.0215415840272543e-05,0.00015122569409244284,3.4393130899738293e-06,True,492,121.01908949782232,258.99009195339676,121.01900931295681,39.9256706237793,0.00017164088785648346,0.0002662174569896954,4.2990107661009106e-06,7.406140571551518,-0.2097710378894379,41.61779130816639,41.514,41.514,2934.272216796875,True,0.0,491,5.0426336500595995e-06,0.00012380296990064358,4.207905950900332e-06,True,492,121.01912652245953,258.99285297438814,121.01904633759402,39.925682067871094,0.00017164088785648346,0.0002662367676645828,4.299009533854615e-06,7.431645356804308,-0.22719543136747195,41.61779130816639,41.514,41.514,2934.495849609375,True,0.0,491,5.146849995325232e-06,0.00012421984732947819,4.557084323829694e-06,True,492
2.150000000000,258,held_throttle,0.0,0.15,0.0,1,-0.01923941634595394,87.5689468383789,0.4187164008617401,0.022984743118286133,39.893211364746094,-0.0056299506686627865,0.00016208901070058346,asphalt,0.0,0.15,0.0,4714.456006917507,4,-0.6436155438423157,-0.0006024104077368975,668.5964348252351,160.0,-0.0,6041.893236623632,5730.106763376368,6.483935976575594e-06,0.00020460457176690937,False,-0.0,True,0,0,-0.015863679349422455,39.89320755004883,0.08156758546829224,False,True,-0.8596817255020142,88.66857147216797,2.60770320892334e-08,0.0,0.0,1.0,2945.522705078125,2945.522705078125,0.3386106789112091,0.06138932704925537,0.0,asphalt,True,0.8203180432319641,88.66925048828125,0.0,0.0,0.0,1.0,2945.719482421875,2945.719482421875,0.3386059105396271,0.0613940954208374,0.0,asphalt,True,-0.8587992191314697,86.46857452392578,3.725290298461914e-09,0.0,0.0,1.0,2940.567138671875,2940.567138671875,0.33882686495780945,0.06117314100265503,0.0,asphalt,True,0.8212006092071533,86.46924591064453,-2.2351741790771484e-08,0.0,0.0,1.0,2940.735107421875,2940.735107421875,0.3388220965862274,0.06117790937423706,0.0,asphalt,498,120.92373760303346,265.46113005200203,120.92434151362724,39.89326095581055,0.00013760849833488464,0.0002900854157626936,3.449417145586738e-06,8.767183630979826,-0.16744250454719872,0.0,0.0,-0.0,2946.001953125,True,0.0,497,9.083621137127983e-06,0.00014597105362487372,3.3454454762241397e-06,True,498,120.92376911901962,265.46316862205634,120.9243730296134,39.89326858520508,0.00013760849833488464,0.0002901548176399121,3.449416485902404e-06,8.799618479757672,-0.1504558218316478,0.0,0.0,-0.0,2946.198486328125,True,0.0,497,9.154265410565024e-06,0.0001465013131213193,3.005855541391554e-06,True,498,120.93808813564765,265.0388580122293,120.93869204624143,39.89326095581055,0.0001518484205007553,0.0004087940810665201,3.8063677137906394e-06,15.957252873969189,-0.18593938380109135,44.2972312907274,41.514,41.514,2939.62890625,True,0.0,497,6.426057464347962e-05,0.00026626039254877006,3.7230741393245393e-06,True,498,120.93811102655472,265.0416212787532,120.9387149371485,39.89326858520508,0.00015184655785560608,0.00040879211296396994,3.806320295128361e-06,16.010309115288525,-0.22118955764709894,44.2972312907274,41.514,41.514,2939.8017578125,True,0.0,497,6.502553987613873e-05,0.00026712997961402175,4.428640650709793e-06,True,498
2.200000000000,264,held_throttle,0.0,0.15,0.0,1,-0.020033057779073715,89.56267547607422,0.41870900988578796,0.02300214394927025,39.86133575439453,-0.0032499125227332115,0.00014336616732180119,asphalt,0.0,0.15,0.0,4708.321340830767,4,-0.6326292753219604,-0.0005342742661014199,667.5254908543266,160.0,-0.0,6039.203232217045,5732.796767782955,5.810664333694149e-06,0.00018133374611275247,False,-0.0,True,0,0,-0.015878994017839432,39.861331939697266,0.08166541904211044,False,True,-0.8604756593704224,90.66232299804688,2.2351741790771484e-08,0.0,0.0,1.0,2942.199951171875,2942.199951171875,0.3386487066745758,0.06135129928588867,0.0,asphalt,True,0.8195241689682007,90.6629867553711,2.9802322387695312e-08,0.0,0.0,1.0,2942.37109375,2942.37109375,0.33864453434944153,0.06135547161102295,0.0,asphalt,True,-0.8595924377441406,88.46231079101562,3.725290298461914e-09,0.0,0.0,1.0,2945.133056640625,2945.133056640625,0.3387735188007355,0.061226487159729004,0.0,asphalt,True,0.8204073905944824,88.46299743652344,3.3527612686157227e-08,0.0,0.0,1.0,2945.283203125,2945.283203125,0.33876922726631165,0.06123077869415283,0.0,asphalt,504,120.8268228818424,271.5046891313001,120.82777141956556,39.86141586303711,0.0001218598335981369,0.00028688614599593385,3.0570874355407947e-06,8.560220893496366,-0.1482178449358896,0.0,0.0,-0.0,2942.782470703125,True,0.0,503,8.390943049622148e-06,0.00014268110240016655,2.9645827049914837e-06,True,504,120.82684947784072,271.506729667989,120.82779801556389,39.86142349243164,0.0001218598335981369,0.00028691487292147955,3.057086850420543e-06,8.590244359287448,-0.13150179050075783,0.0,0.0,-0.0,2942.958740234375,True,0.0,503,8.454895081695029e-06,0.0001431729571257674,2.630077558498655e-06,True,504,120.85292190470685,271.08347903239104,120.85387044243001,39.86141586303711,0.0001346208155155182,0.0005029516659678905,3.3772211197304267e-06,21.62726930127571,-0.16522859243856491,46.08017966741281,41.514,41.514,2944.498046875,True,0.0,503,0.0001680336886678972,0.00036027390333571324,3.302921012467357e-06,True,504,120.85293406438494,271.0862443023024,120.8538826021081,39.86142349243164,0.0001346208155155182,0.0005028608378524143,3.3772204733372454e-06,21.698065768949224,-0.21233819222668568,46.08017966741281,41.514,41.514,2944.6474609375,True,0.0,503,0.00016982400801368778,0.0003614349286201821,4.244456793387305e-06,True,504
2.250000000000,270,held_throttle,0.0,0.15,0.0,1,-0.02082737535238266,91.55482482910156,0.4187072217464447,0.02301771193742752,39.82988357543945,-0.0002140785800293088,0.0001265416940441355,asphalt,0.0,0.15,0.0,4703.28130359223,4,-0.6266782879829407,-0.00047416213783435524,666.4709779329936,160.0,-0.0,6036.676232503829,5735.323767496171,5.199471615924267e-06,0.0001608186517467356,False,-0.0,True,0,0,-0.015891287475824356,39.82987976074219,0.08177408576011658,False,True,-0.8612700700759888,92.65449523925781,3.3527612686157227e-08,0.0,0.0,1.0,2938.8740234375,2938.8740234375,0.338704913854599,0.06129509210586548,0.0,asphalt,True,0.8187296986579895,92.65516662597656,-1.1175870895385742e-08,0.0,0.0,1.0,2939.022705078125,2939.022705078125,0.3387012779712677,0.06129872798919678,0.0,asphalt,True,-0.860386312007904,90.4544906616211,3.3527612686157227e-08,0.0,0.0,1.0,2948.00927734375,2948.00927734375,0.338713139295578,0.061286866664886475,0.0,asphalt,True,0.819613516330719,90.45516204833984,3.725290298461914e-08,0.0,0.0,1.0,2948.137451171875,2948.137451171875,0.33870944380760193,0.06129056215286255,0.0,asphalt,510,120.73126287933269,277.54345184753095,120.73225499689875,39.8299674987793,0.00010789185762405396,0.0002849425222564859,2.70881108871346e-06,8.427972750508323,-0.13121634571790267,0.0,0.0,-0.0,2939.387451171875,True,0.0,509,7.966514956064848e-06,0.00014063904769141963,2.6275580540179572e-06,True,510,120.73128894747869,277.54549430157897,120.73228106504475,39.82997512817383,0.00010789185762405396,0.00028496689886496434,2.708810569843226e-06,8.457747245048042,-0.11462637815267301,0.0,0.0,-0.0,2939.544189453125,True,0.0,509,8.03380931226007e-06,0.00014112837607244038,2.295226799685664e-06,True,510,120.76514157897579,277.12377585735413,120.76613369654184,39.8299674987793,0.00011930987238883972,0.0005656349652658908,2.995480033774556e-06,25.40534620910578,-0.14673483933158019,47.26878297525684,41.514,41.514,2947.635498046875,True,0.0,509,0.00027811038902621237,0.00042276097537386154,2.9301130037548812e-06,True,510,120.76514629752961,277.12654300134585,120.76613841509567,39.82997512817383,0.00011930987238883972,0.0005654824020970952,2.9954794599931534e-06,25.483976748541103,-0.2017471071978515,47.26878297525684,41.514,41.514,2947.765380859375,True,0.0,509,0.00028087852735760873,0.0004240507759177362,4.028513843446674e-06,True,510
2.300000000000,276,held_throttle,0.0,0.15,0.0,1,-0.021622227504849434,93.54540252685547,0.41870954632759094,0.023031659424304962,39.79873275756836,0.0026970463804900646,0.00011196575360372663,asphalt,0.0,0.15,0.0,4698.868262805737,4,-0.6211851239204407,-0.0004202468553557992,665.427502195076,160.0,-0.0,6034.4734043632025,5737.5265956367975,4.654212716559414e-06,0.00014273412789827188,False,-0.0,True,0,0,-0.01590086705982685,39.798728942871094,0.08181072771549225,False,True,-0.8620651364326477,94.64508056640625,2.60770320892334e-08,0.0,0.0,1.0,2936.35107421875,2936.35107421875,0.33876296877861023,0.06123703718185425,0.0,asphalt,True,0.8179346919059753,94.64575958251953,-3.3527612686157227e-08,0.0,0.0,1.0,2936.48291015625,2936.48291015625,0.33875975012779236,0.06124025583267212,0.0,asphalt,True,-0.8611809015274048,92.4450912475586,-1.1175870895385742e-08,0.0,0.0,1.0,2949.54541015625,2949.54541015625,0.3386593759059906,0.06134063005447388,0.0,asphalt,True,0.818818986415863,92.44577026367188,1.862645149230957e-08,0.0,0.0,1.0,2949.6591796875,2949.6591796875,0.33865609765052795,0.06134390830993652,0.0,asphalt,516,120.63662044852856,283.57746035019824,120.63744138196228,39.79880142211914,9.563937783241272e-05,0.0002835091885207807,2.4030718115816103e-06,8.33405293642495,-0.11628649581240194,0.0,0.0,-0.0,2936.6923828125,True,0.0,515,7.683528585116498e-06,0.0001391994172215681,2.3307303640980873e-06,True,516,120.63664420811764,283.5795045959874,120.63746514155136,39.79880905151367,9.564124047756195e-05,0.00028351444261939476,2.4031181524448233e-06,8.362708985519681,-0.0997603594641648,0.0,0.0,-0.0,2936.83251953125,True,0.0,515,7.747472433215396e-06,0.00013967138108108743,1.999400632826253e-06,True,516,120.67567303741511,283.1596317210547,120.67649397084882,39.79880142211914,0.00010585971176624298,0.0006073218128225779,2.6598718550141876e-06,27.924385037033804,-0.1303489380825303,48.063650236746994,41.514,41.514,2949.36279296875,True,0.0,515,0.00037361010819896663,0.0004644081545580044,2.6013822575682648e-06,True,516,120.67567613504555,283.1624005886257,120.67649706847926,39.79880905151367,0.00010585971176624298,0.0006071556819723591,2.659871345119237e-06,28.008011680882973,-0.19061516600161774,48.063650236746994,41.514,41.514,2949.48486328125,True,0.0,515,0.0003771262496667572,0.000465779695888722,3.8040336645562657e-06,True,516
2.350000000000,282,held_throttle,0.0,0.15,0.0,1,-0.02241748943924904,95.53443908691406,0.4187120199203491,0.023044174537062645,39.767799377441406,0.004984187427908182,9.921459422912449e-05,asphalt,0.0,0.15,0.0,4694.811751685353,4,-0.6175231337547302,-0.00037330997292883694,664.392618167779,160.0,-0.0,6032.594222662065,5739.405777337935,4.184953468211461e-06,0.00012680915167372856,False,-0.0,True,0,0,-0.01590803824365139,39.76779556274414,0.08177290111780167,False,True,-0.8628606200218201,96.6341323852539,1.1175870895385742e-08,0.0,0.0,1.0,2935.0078125,2935.0078125,0.33880916237831116,0.06119084358215332,0.0,asphalt,True,0.817139208316803,96.63481140136719,3.725290298461914e-09,0.0,0.0,1.0,2935.128662109375,2935.128662109375,0.33880624175071716,0.061193764209747314,0.0,asphalt,True,-0.8619757294654846,94.43413543701172,2.60770320892334e-08,0.0,0.0,1.0,2950.154052734375,2950.154052734375,0.3386177718639374,0.0613822340965271,0.0,asphalt,True,0.8180240988731384,94.434814453125,-2.2351741790771484e-08,0.0,0.0,1.0,2950.2568359375,2950.2568359375,0.3386148512363434,0.061385154724121094,0.0,asphalt,522,120.54263942232913,289.60674383402437,120.54317884896275,39.767845153808594,8.484162390232086e-05,0.00028228473322109435,2.1334227080711414e-06,8.261655187216114,-0.10311275924133032,0.0,0.0,-0.0,2935.14794921875,True,0.0,521,7.468798333834156e-06,0.00013806280045185204,2.0677765876788226e-06,True,522,120.5426633560952,289.6087898434114,120.54320278272883,39.76784896850586,8.484162390232086e-05,0.0002823873882254289,2.133422503424373e-06,8.290419077172782,-0.08661958189209754,0.0,0.0,-0.0,2935.27099609375,True,0.0,521,7.543820541420983e-06,0.00013853767534812616,1.7369561418736286e-06,True,522,120.58515254974921,289.19097158101056,120.58569197638283,39.767845153808594,9.40319150686264e-05,0.0006350655287197845,2.364521253408815e-06,29.60959140224022,-0.11582616135306166,48.597855852605875,41.514,41.514,2950.10107421875,True,0.0,521,0.0004486608182484607,0.0004923121489574528,2.3109688746496712e-06,True,522,120.58514883539542,289.19374205099126,120.58568826202904,39.76784896850586,9.403005242347717e-05,0.0006349387213431688,2.364474188628332e-06,29.695490367326638,-0.17958546079397097,48.597855852605875,41.514,41.514,2950.205810546875,True,0.0,521,0.000452745622191524,0.0004937228798388738,3.5830594991702657e-06,True,522
2.400000000000,288,held_throttle,0.0,0.15,0.0,1,-0.02321304753422737,97.52192687988281,0.4187116324901581,0.023055458441376686,39.737003326416016,0.006440216209739447,8.80400330061093e-05,asphalt,0.0,0.15,0.0,4690.957627494725,4,-0.615234375,-0.0003318301751278341,663.3635060455246,160.0,-0.0,6031.057159605738,5740.942840394262,3.772027184822946e-06,0.00011279176679475044,False,-0.0,True,0,0,-0.01591307856142521,39.73699951171875,0.08169838786125183,False,True,-0.863656222820282,98.62163543701172,-2.9802322387695312e-08,0.0,0.0,1.0,2934.789306640625,2934.789306640625,0.33883658051490784,0.06116342544555664,0.0,asphalt,True,0.8163436651229858,98.622314453125,3.725290298461914e-09,0.0,0.0,1.0,2934.89794921875,2934.89794921875,0.3388339579105377,0.06116604804992676,0.0,asphalt,True,-0.8627709150314331,96.42164611816406,-7.450580596923828e-09,0.0,0.0,1.0,2950.17333984375,2950.17333984375,0.33858928084373474,0.061410725116729736,0.0,asphalt,True,0.8172289133071899,96.42230987548828,-3.725290298461914e-09,0.0,0.0,1.0,2950.263916015625,2950.263916015625,0.3385867178440094,0.06141328811645508,0.0,asphalt,528,120.449126887313,295.6313271435897,120.44936801820903,39.737022399902344,7.531791925430298e-05,0.0002815881068878705,1.895409235655208e-06,8.218227282638491,-0.09157016510476199,0.0,0.0,-0.0,2934.761474609375,True,0.0,527,7.351401739241496e-06,0.00013735514856522263,1.8365484625868983e-06,True,528,120.44914898177451,295.63337469667556,120.44939011267054,39.73702621459961,7.531791925430298e-05,0.0002816755669015484,1.8954090536986523e-06,8.24611883198392,-0.07504834639207682,0.0,0.0,-0.0,2934.870361328125,True,0.0,527,7.4125642841169494e-06,0.00013781620148539827,1.5051270180938106e-06,True,528,120.49397747993916,295.2177516563238,120.49421861083519,39.737022399902344,8.360110223293304e-05,0.000654054252380217,2.1038592522477265e-06,30.749057121002952,-0.10302287093790992,48.95960111186272,41.514,41.514,2950.19873046875,True,0.0,527,0.0005050425162102751,0.0005112413832227577,2.055444653056721e-06,True,528,120.4939729131602,295.22052367947305,120.49421404405624,39.73702621459961,8.360110223293304e-05,0.0006539202657725884,2.1038590502802694e-06,30.840197249825646,-0.16912911780981643,48.95960111186272,41.514,41.514,2950.291748046875,True,0.0,527,0.0005097283630457077,0.0005127405765319642,3.374350948788831e-06,True,528
2.450000000000,294,held_throttle,0.0,0.15,0.0,1,-0.024008821696043015,99.50792694091797,0.418707937002182,0.0230657160282135,39.7087287902832,0.007948487065732479,7.843905768822879e-05,asphalt,0.0,0.15,0.0,4480.723983686472,5,-0.4907221794128418,-0.0002983610611408949,662.3853285325775,160.0,-0.0,6027.783638994651,5744.216361005349,3.460261041254853e-06,0.00010016059003306658,False,-0.0,True,0,0,-0.0159174595028162,39.70872497558594,0.08169280737638474,False,True,-0.8644521236419678,100.6076431274414,3.725290298461914e-09,0.0,0.0,1.0,2931.888671875,2931.888671875,0.3388616740703583,0.0611383318901062,0.0,asphalt,True,0.8155477643013,100.60831451416016,-1.4901161193847656e-08,0.0,0.0,1.0,2931.98583984375,2931.98583984375,0.33885934948921204,0.06114065647125244,0.0,asphalt,True,-0.8635664582252502,98.40764617919922,0.0,0.0,0.0,1.0,2955.38525390625,2955.38525390625,0.3385564386844635,0.06144356727600098,0.0,asphalt,True,0.816433310508728,98.4083251953125,-3.725290298461914e-09,0.0,0.0,1.0,2955.466064453125,2955.466064453125,0.33855417370796204,0.06144583225250244,0.0,asphalt,534,120.35982784268242,301.65127958013375,120.36058404558833,39.70879364013672,6.667710840702057e-05,0.0002505628359966937,1.6791522052073182e-06,6.353997247409179,-0.08100703013539787,0.0,0.0,-0.0,2932.9384765625,True,0.0,533,2.978719962413478e-06,0.00010626334061297169,1.625700583391093e-06,True,534,120.3598484126774,301.6533286273804,120.3606046155833,39.708797454833984,6.66789710521698e-05,0.0002506376920852701,1.6791989515157152e-06,6.381094115042308,-0.0683243745229716,0.0,0.0,-0.0,2933.038330078125,True,0.0,533,3.0136930941358156e-06,0.00010671287249594166,1.37112997570414e-06,True,534,120.56165274032729,301.24299971269363,120.5624089432332,39.70879364013672,7.427483797073364e-05,0.001927829005963936,1.8704884022357142e-06,107.41632787623651,-0.09161814292321765,41.00598451316904,4.98168,4.98168,2953.796142578125,True,0.0,533,4.414207243381498e-10,0.0017844086590261272,1.8263615312781e-06,True,534,120.56155722706215,301.2457732156036,120.56231342996806,39.708797454833984,7.427670061588287e-05,0.0019269389908762025,1.8705351301630544e-06,107.73513876135347,-0.3205055176256374,41.00598451316904,4.98168,4.98168,2953.8828125,True,0.0,533,4.5805986342561105e-10,0.0017896562814991683,6.3889429517449735e-06,True,534
2.500000000000,300,held_throttle,0.0,0.15,0.0,1,-0.02480481192469597,101.49263763427734,0.4187081754207611,0.023075053468346596,39.683536529541016,0.011680426076054573,6.9707770308014e-05,asphalt,0.0,0.15,0.0,4192.054059972392,5,-0.5227655172348022,-0.000261948152910918,661.5541144542597,160.0,-0.0,6020.019892158616,5751.980107841384,3.1136278266785666e-06,8.9417275797501e-05,False,-0.0,True,0,0,-0.01592109724879265,39.68353271484375,0.08183107525110245,False,True,-0.8652483224868774,102.59239196777344,1.862645149230957e-08,0.0,0.0,1.0,2926.92431640625,2926.92431640625,0.33893343806266785,0.06106656789779663,0.0,asphalt,True,0.8147515058517456,102.59306335449219,1.862645149230957e-08,0.0,0.0,1.0,2927.010498046875,2927.010498046875,0.3389313519001007,0.06106865406036377,0.0,asphalt,True,-0.8643622994422913,100.39238739013672,7.450580596923828e-09,0.0,0.0,1.0,2960.24755859375,2960.24755859375,0.33848491311073303,0.061515092849731445,0.0,asphalt,True,0.815637469291687,100.39306640625,2.60770320892334e-08,0.0,0.0,1.0,2960.318115234375,2960.318115234375,0.33848288655281067,0.06151711940765381,0.0,asphalt,540,120.28343234532488,307.6672184567914,120.28446975939417,39.683624267578125,5.957670509815216e-05,0.000249685016476305,1.5012919358472532e-06,6.273521712734433,-0.07229852004833219,0.0,0.0,-0.0,2927.532958984375,True,0.0,539,2.8510294277391646e-06,0.00010511120168620333,1.453611703968428e-06,True,540,120.28345458791696,307.669269207747,120.28449200198625,39.683631896972656,5.957670509815216e-05,0.0002496776773271452,1.5012916472156957e-06,6.301416020227743,-0.05972157090097079,0.0,0.0,-0.0,2927.6162109375,True,0.0,539,2.883483366232348e-06,0.00010557556203847959,1.2007089924718522e-06,True,540,120.44095196025901,307.2681292487335,120.4419893743283,39.683624267578125,6.641261279582977e-05,0.0015595823327537101,1.67355210169217e-06,85.43031202813597,-0.08214625032628131,29.137413799345985,4.98168,4.98168,2959.921630859375,True,0.0,539,8.884688776984326e-11,0.001416038439096193,1.6339247088438828e-06,True,540,120.44088059175799,307.270903987044,120.44191800582728,39.683631896972656,6.641261279582977e-05,0.0015587962933453438,1.6735517799426567e-06,85.68029584693627,-0.2647737000210979,29.137413799345985,4.98168,4.98168,2960.0009765625,True,0.0,539,8.269324945758058e-11,0.001420145925446188,5.266330432647514e-06,True,540
2.550000000000,306,held_throttle,0.0,0.15,0.0,1,-0.025600912049412727,103.47601318359375,0.41871294379234314,0.023083489388227463,39.65614318847656,0.014750069007277489,6.203387601999566e-05,asphalt,0.0,0.15,0.0,4015.333921441695,5,-0.5635073184967041,-0.00023462530225515366,660.6525057694587,160.0,-0.0,6017.240778775506,5754.759221224494,2.8086506063118577e-06,7.997818048181999e-05,False,-0.0,True,0,0,-0.015922365710139275,39.6561393737793,0.08182761073112488,False,True,-0.8660445213317871,104.5757827758789,-3.3527612686157227e-08,0.0,0.0,1.0,2925.483154296875,2925.483154296875,0.33899709582328796,0.061002910137176514,0.0,asphalt,True,0.8139553070068359,104.57646179199219,-7.450580596923828e-09,0.0,0.0,1.0,2925.560302734375,2925.560302734375,0.3389952480792999,0.06100475788116455,0.0,asphalt,True,-0.865158200263977,102.37578582763672,-7.450580596923828e-09,0.0,0.0,1.0,2959.4658203125,2959.4658203125,0.3384307324886322,0.061569273471832275,0.0,asphalt,True,0.814841628074646,102.37646484375,-2.60770320892334e-08,0.0,0.0,1.0,2959.53271484375,2959.53271484375,0.33842888474464417,0.06157112121582031,0.0,asphalt,546,120.20192634065445,313.6792167717873,120.20240150250886,39.65618133544922,5.315616726875305e-05,0.00026362490322306503,1.3404257666434507e-06,7.105627959731411,-0.06446581623796992,0.0,0.0,-0.0,2925.46435546875,True,0.0,545,4.460954833463772e-06,0.00011913712923477179,1.29704682402139e-06,True,546,120.20195118133636,313.68126911584267,120.20242634319077,39.65618896484375,5.315430462360382e-05,0.000263639176384711,1.340378538913426e-06,7.129150316553179,-0.05006563561044806,0.0,0.0,-0.0,2925.5380859375,True,0.0,545,4.4930609349220125e-06,0.00011952850744077971,1.0072904981368082e-06,True,546,120.30857368096602,313.286535461719,120.30904884282043,39.65618133544922,5.932338535785675e-05,0.00115109366893988,1.4959429617289572e-06,60.79622999512684,-0.07339166822102779,21.33135679264539,4.98168,4.98168,2959.843994140625,True,0.0,545,1.3699297229071364e-11,0.0010076266190086327,1.4596575844025633e-06,True,546,120.30852879352734,313.28931142013926,120.30900395538175,39.65618896484375,5.932152271270752e-05,0.0011505275270078652,1.4958957040792133e-06,60.97771524437762,-0.20357325623453634,21.33135679264539,4.98168,4.98168,2959.909912109375,True,0.0,545,1.0786054237667872e-11,0.0010106127486292963,4.048699965979805e-06,True,546
2.600000000000,312,held_throttle,0.0,0.15,0.0,1,-0.026397015899419785,105.45797729492188,0.4187139868736267,0.023091159760951996,39.627201080322266,0.015641123056411743,5.5278840591199696e-05,asphalt,0.0,0.15,0.0,3906.588596543843,5,-0.5882270932197571,-0.0002097927499562502,659.6955059234763,160.0,-0.0,6017.406292281878,5754.593707718122,2.567786395957228e-06,7.164280190847088e-05,False,-0.0,True,0,0,-0.0159216970205307,39.627197265625,0.0816752165555954,False,True,-0.866840660572052,106.55775451660156,0.0,0.0,0.0,1.0,2927.7509765625,2927.7509765625,0.33901509642601013,0.060984909534454346,0.0,asphalt,True,0.813159167766571,106.55843353271484,0.0,0.0,0.0,1.0,2927.808349609375,2927.808349609375,0.3390134871006012,0.06098651885986328,0.0,asphalt,True,-0.8659539818763733,104.35775756835938,-2.9802322387695312e-08,0.0,0.0,1.0,2956.13671875,2956.13671875,0.3384145200252533,0.06158548593521118,0.0,asphalt,True,0.8140458464622498,104.35842895507812,1.1175870895385742e-08,0.0,0.0,1.0,2956.1943359375,2956.1943359375,0.33841291069984436,0.06158709526062012,0.0,asphalt,552,120.11504408722328,319.6869496942254,120.11474088992043,39.62717056274414,4.747137427330017e-05,0.0002723885123832889,1.1979501336870143e-06,7.644980983798521,-0.05770842177712265,0.0,0.0,-0.0,2926.988525390625,True,0.0,551,5.765922990384004e-06,0.00012811350921330936,1.1604843843179434e-06,True,552,120.11506690141063,319.689003631004,120.11476370410777,39.62717819213867,4.747137427330017e-05,0.00027238591843468924,1.1979499030464636e-06,7.673268252036286,-0.042090343285321824,0.0,0.0,-0.0,2927.05517578125,True,0.0,551,5.823331910722607e-06,0.00012858461650522423,8.463935457057212e-07,True,552,120.18794075430077,319.2986225570907,120.18763755699791,39.62717056274414,5.310960114002228e-05,0.0008794442217351042,1.3402319768427265e-06,44.38629097148442,-0.0657317312099248,16.19645375381223,4.98168,4.98168,2956.7744140625,True,0.0,551,1.904257277182652e-12,0.0007363730265746064,1.3085952295705637e-06,True,552,120.18791184004422,319.30139975997633,120.18760864274137,39.62717819213867,5.310960114002228e-05,0.0008790107361929691,1.3402317188087462e-06,44.5231628182965,-0.16086006758502558,16.19645375381223,4.98168,4.98168,2956.83154296875,True,0.0,551,1.1382894765481426e-11,0.0007386297678247517,3.2023610233745616e-06,True,552
2.650000000000,318,held_throttle,0.0,0.15,0.0,1,-0.027193043380975723,107.43846893310547,0.4187089800834656,0.023098211735486984,39.59722900390625,0.01433409284800291,4.9678397772368044e-05,asphalt,0.0,0.15,0.0,3839.195896339296,5,-0.6060786247253418,-0.0001882329088402912,658.7030328955734,160.0,-0.0,6018.924171673941,5753.075828326059,2.3678821889916435e-06,6.433598729282415e-05,False,-0.0,True,0,0,-0.01591947302222252,39.597225189208984,0.08165765553712845,False,True,-0.8676368594169617,108.53823852539062,3.3527612686157227e-08,0.0,0.0,1.0,2933.437744140625,2933.437744140625,0.338984876871109,0.06101512908935547,0.0,asphalt,True,0.8123630285263062,108.53890991210938,0.0,0.0,0.0,1.0,2933.4873046875,2933.4873046875,0.3389835059642792,0.0610164999961853,0.0,asphalt,True,-0.8667499423027039,106.33824157714844,-2.2351741790771484e-08,0.0,0.0,1.0,2953.255859375,2953.255859375,0.3384345471858978,0.06156545877456665,0.0,asphalt,True,0.8132498860359192,106.33891296386719,2.9802322387695312e-08,0.0,0.0,1.0,2953.318603515625,2953.318603515625,0.33843305706977844,0.061566948890686035,0.0,asphalt,558,120.02471017714113,325.690203379872,120.02381000963494,39.59714889526367,4.2533501982688904e-05,0.0002779357478997216,1.074155669519936e-06,8.010770554224202,-0.051750521815994696,0.0,0.0,-0.0,2932.569091796875,True,0.0,557,6.778956101870359e-06,0.0001339879114685776,1.0386942276558047e-06,True,558,120.02473183699712,325.69225885190616,120.02383166949093,39.59715270996094,4.2533501982688904e-05,0.00027801989523715904,1.074155566038286e-06,8.03857696865281,-0.03526229037865598,0.0,0.0,-0.0,2932.626708984375,True,0.0,557,6.854048803508551e-06,0.0001344503602731428,7.077412327988415e-07,True,558,120.07543647053099,325.3048795287557,120.0745363030248,39.59714889526367,4.7732144594192505e-05,0.0007006852964323522,1.2054439757878316e-06,33.60727595398408,-0.05896769836939154,12.818215125805764,4.98168,4.98168,2953.832763671875,True,0.0,557,0.0006696067409486822,0.0005580767920942574,1.1750136217760204e-06,True,558,120.07541886323953,325.3076579120464,120.07451869573335,39.59715270996094,4.7734007239341736e-05,0.0007004421532847189,1.2054908995340666e-06,33.709106254823425,-0.13105913997131688,12.818215125805764,4.98168,4.98168,2953.8896484375,True,0.0,557,0.0006759076258522147,0.0005597570443556452,2.6116543425962588e-06,True,558
2.700000000000,324,held_throttle,0.0,0.15,0.0,1,-0.027988919988274574,109.41743469238281,0.4187062978744507,0.02310473844408989,39.56657791137695,0.011590191163122654,4.456025635590777e-05,asphalt,0.0,0.15,0.0,3796.9702004301334,5,-0.617064893245697,-0.00016993400640785694,657.6868340767516,160.0,-0.0,6020.954434137459,5751.045565862541,2.2071906187193235e-06,5.79287719896692e-05,False,-0.0,True,0,0,-0.015915988013148308,39.56657409667969,0.08175835013389587,False,True,-0.8684327602386475,110.51718139648438,2.60770320892334e-08,0.0,0.0,1.0,2937.748046875,2937.748046875,0.3389294445514679,0.06107056140899658,0.0,asphalt,True,0.8115670680999756,110.51785278320312,-2.2351741790771484e-08,0.0,0.0,1.0,2937.795654296875,2937.795654296875,0.33892813324928284,0.06107187271118164,0.0,asphalt,True,-0.8675456047058105,108.31718444824219,1.1175870895385742e-08,0.0,0.0,1.0,2949.48291015625,2949.48291015625,0.33848443627357483,0.06151556968688965,0.0,asphalt,True,0.8124542236328125,108.31786346435547,-4.0978193283081055e-08,0.0,0.0,1.0,2949.534912109375,2949.534912109375,0.33848318457603455,0.06151682138442993,0.0,asphalt,564,119.93212226553915,331.68885074344973,119.93092930895837,39.566471099853516,3.8234516978263855e-05,0.00028127976706133464,9.66336292204576e-07,8.232475401079013,-0.046605966788514114,0.0,0.0,-0.0,2937.13427734375,True,0.0,563,7.457203422444593e-06,0.0001374821265972073,9.339831527113594e-07,True,564,119.93213796287151,331.6909077056402,119.93094500629073,39.56647491455078,3.8236379623413086e-05,0.00028131424952203266,9.663832753859897e-07,8.263132034784029,-0.02956521479026869,0.0,0.0,-0.0,2937.184326171875,True,0.0,563,7.549145707113784e-06,0.00013799174144955365,5.924757132029714e-07,True,564,119.96828933400428,331.30564262131685,119.9670963774235,39.566471099853516,4.3081119656562805e-05,0.0005829274061285718,1.0888289619719277e-06,26.494664309022816,-0.05315666257310821,10.595443473736983,4.98168,4.98168,2950.126953125,True,0.0,563,0.00032161717560459684,0.00044051585750202625,1.0605608150972727e-06,True,564,119.9682833764691,331.3084222529284,119.96709041988832,39.56647491455078,4.3081119656562805e-05,0.0005827812493740161,1.0888288569953566e-06,26.57897876862252,-0.11003157182942584,10.595443473736983,4.98168,4.98168,2950.181640625,True,0.0,563,0.00032484512745573497,0.0004419095559445675,2.195342538747027e-06,True,564
2.750000000000,330,held_throttle,0.0,0.15,0.0,1,-0.028784554451704025,111.39479064941406,0.4187098741531372,0.02311084419488907,39.5321159362793,0.006848966237157583,3.957588705816306e-05,asphalt,0.0,0.15,0.0,3769.1061310439327,5,-0.714568555355072,-0.00015456820256076753,656.5687938577914,160.0,-0.0,6026.649044629262,5745.350955370738,2.083515028061811e-06,5.262503722668166e-05,False,-0.0,True,0,0,-0.01590992510318756,39.53211212158203,0.08193156123161316,False,True,-0.8692285418510437,112.49449920654297,-1.4901161193847656e-08,0.0,0.0,1.0,2946.7431640625,2946.7431640625,0.3388419449329376,0.061158061027526855,0.0,asphalt,True,0.8107712864875793,112.49517822265625,1.1175870895385742e-08,0.0,0.0,1.0,2946.78564453125,2946.78564453125,0.3388407528400421,0.06115925312042236,0.0,asphalt,True,-0.8683410882949829,110.29449462890625,-7.450580596923828e-09,0.0,0.0,1.0,2941.564697265625,2941.564697265625,0.3385789692401886,0.06142103672027588,0.0,asphalt,True,0.8116586804389954,110.29517364501953,1.862645149230957e-08,0.0,0.0,1.0,2941.614013671875,2941.614013671875,0.3385777771472931,0.06142222881317139,0.0,asphalt,570,119.83099815221715,337.6826788495811,119.82899510250638,39.53193664550781,3.467872738838196e-05,0.000310957311150297,8.772332025963054e-07,10.063301748471696,-0.04240119202787218,0.0,0.0,-0.0,2945.484375,True,0.0,569,1.470683420436938e-05,0.00016758054919381043,8.473120118363625e-07,True,570,119.83100470456907,337.6847368986304,119.8290016548583,39.53194046020508,3.467872738838196e-05,0.0003109154814975653,8.772331179462967e-07,10.095307984779012,-0.021362793096231823,0.0,0.0,-0.0,2945.526123046875,True,0.0,569,1.4855273014750631e-05,0.00016811115670061936,4.2688960450236844e-07,True,570,119.74427467536484,337.2967664309854,119.74227162565407,39.53193664550781,3.925338387489319e-05,-0.0004129826166578266,9.929537281938557e-07,-33.27074865459617,-0.04830414709749069,19.61184754097927,33.2112,33.2112,2942.934814453125,True,0.0,569,0.000755280216746469,-0.00055453258851153,9.661962186468598e-07,True,570,119.74432763595495,337.2995471907991,119.74232458624418,39.53194046020508,3.925338387489319e-05,-0.0004126369753178381,9.929536323772115e-07,-33.359783288855034,0.021972466118110292,19.61184754097927,33.2112,33.2112,2942.984130859375,True,0.0,569,0.0007612359830920051,-0.0005560072789957051,-4.3952788897012005e-07,True,570
2.800000000000,336,held_throttle,0.0,0.15,0.0,1,-0.029579857364296913,113.37037658691406,0.4187217354774475,0.023116616532206535,39.49742889404297,0.0008918744279071689,3.5479333746479824e-05,asphalt,0.0,0.15,0.0,3750.640549366724,5,-0.6784057021141052,-0.0001400468172505498,655.4072738876381,160.0,-0.0,6032.1591941638,5739.8408058362,1.9835467810480623e-06,4.7703850985113594e-05,False,-0.0,True,0,0,-0.015903247520327568,39.4974250793457,0.08202219009399414,False,True,-0.8700238466262817,114.47003936767578,3.725290298461914e-09,0.0,0.0,1.0,2950.388916015625,2950.388916015625,0.3387393653392792,0.0612606406211853,0.0,asphalt,True,0.8099759221076965,114.47071838378906,-7.450580596923828e-09,0.0,0.0,1.0,2950.42626953125,2950.42626953125,0.338738352060318,0.061261653900146484,0.0,asphalt,True,-0.8691362142562866,112.2700424194336,1.862645149230957e-08,0.0,0.0,1.0,2935.4892578125,2935.4892578125,0.3387050926685333,0.06129491329193115,0.0,asphalt,True,0.8108636140823364,112.27072143554688,7.450580596923828e-09,0.0,0.0,1.0,2935.5322265625,2935.5322265625,0.33870407938957214,0.061295926570892334,0.0,asphalt,576,119.72484387909998,343.6712007190119,119.72303807419729,39.49726867675781,3.121979534626007e-05,0.0003020412232252094,7.90429221872369e-07,9.56818950304361,-0.03822699877841341,0.0,0.0,-0.0,2950.1708984375,True,0.0,575,1.244899461810625e-05,0.0001590824812550081,7.62684444875352e-07,True,576,119.72485291530359,343.6732598237914,119.7230471104009,39.49726867675781,3.121979534626007e-05,0.0003021167207796076,7.90429221872369e-07,9.601520329388519,-0.018160052384641762,0.0,0.0,-0.0,2950.21142578125,True,0.0,575,1.2585082815787899e-05,0.00015963445458594248,3.623132948012291e-07,True,576,119.6811808376631,343.2821228656243,119.67937503276042,39.49726867675781,3.557652235031128e-05,-6.276384195753423e-05,9.00733735323746e-07,-12.210500865669395,-0.04367723725927736,27.260697539218853,33.2112,33.2112,2936.2080078125,True,0.0,575,4.183161075048697e-05,-0.00020397941762531038,8.755726284277728e-07,True,576,119.68121320280238,343.2849047373019,119.6794073978997,39.49726867675781,3.557652235031128e-05,-6.249343095648928e-05,9.00733735323746e-07,-12.240369723501054,-0.018147964140530926,27.260697539218853,33.2112,33.2112,2936.25390625,True,0.0,575,4.212899990556325e-05,-0.00020447518959675322,3.6379111967027135e-07,True,576
2.850000000000,342,held_throttle,0.0,0.15,0.0,1,-0.03037482500076294,115.34427642822266,0.41873326897621155,0.023122131824493408,39.46430587768555,-0.0034058932214975357,3.211491639376618e-05,asphalt,0.0,0.15,0.0,3738.6627620488307,5,-0.6518551707267761,-0.0001278305717278272,654.3012916897787,160.0,-0.0,6033.988995818398,5738.011004181602,1.8865727042793878e-06,4.3513778397925836e-05,False,-0.0,True,0,0,-0.01589653268456459,39.46430206298828,0.08188245445489883,False,True,-0.8708189725875854,116.44390869140625,1.1175870895385742e-08,0.0,0.0,1.0,2949.574462890625,2949.574462890625,0.3386683166027069,0.06133168935775757,0.0,asphalt,True,0.8091809153556824,116.44459533691406,-1.4901161193847656e-08,0.0,0.0,1.0,2949.607421875,2949.607421875,0.3386674225330353,0.0613325834274292,0.0,asphalt,True,-0.8699310421943665,114.24391174316406,3.725290298461914e-09,0.0,0.0,1.0,2933.758056640625,2933.758056640625,0.3387991487979889,0.061200857162475586,0.0,asphalt,True,0.8100687861442566,114.24459075927734,7.450580596923828e-09,0.0,0.0,1.0,2933.798828125,2933.798828125,0.3387981951236725,0.06120181083679199,0.0,asphalt,582,119.62354210972318,349.6545720505818,119.62256570647934,39.46421813964844,2.837367355823517e-05,0.0002926893551859542,7.189721447876389e-07,9.007656473695068,-0.034734249836821926,0.0,0.0,-0.0,2949.902587890625,True,0.0,581,1.0178365425591936e-05,0.0001497765517335902,6.93061747120535e-07,True,582,119.62355558565521,349.65663233472117,119.62257918241137,39.4642219543457,2.837367355823517e-05,0.0002927053505293823,7.189720752902324e-07,9.03744815383123,-0.015818647267324282,0.0,0.0,-0.0,2949.93798828125,True,0.0,581,1.0290455929359486e-05,0.00015027011669824727,3.1562886952686217e-07,True,582,119.61307636124509,349.26427622641785,119.61209995800125,39.46421813964844,3.251619637012482e-05,0.00020517471127370798,8.239412283566686e-07,3.8143858048020536,-0.03989443935550814,32.31113250253972,33.2112,33.2112,2933.7490234375,True,0.0,581,3.774711409123053e-07,6.377358623302054e-05,8.004050858939729e-07,True,582,119.61309598846886,349.26705924191066,119.61211958522502,39.4642219543457,3.251619637012482e-05,0.00020524215220538912,8.23941148712723e-07,3.8301453419698346,-0.048351826549414646,32.31113250253972,33.2112,33.2112,2933.789306640625,True,0.0,581,3.886429361175196e-07,6.403619434874616e-05,9.700729775623839e-07,True,582
2.900000000000,348,held_throttle,0.0,0.15,0.0,1,-0.031169453635811806,117.31655883789062,0.41873449087142944,0.023127438500523567,39.432254791259766,-0.0049989852122962475,2.923654938058462e-05,asphalt,0.0,0.15,0.0,3730.530564084159,5,-0.633544385433197,-0.00011692321277223527,653.234027967948,160.0,-0.0,6033.833119083523,5738.166880916477,1.8327051520827808e-06,3.9921150354584854e-05,False,-0.0,True,0,0,-0.01588967815041542,39.4322509765625,0.08161419630050659,False,True,-0.8716135621070862,118.41619110107422,-3.725290298461914e-09,0.0,0.0,1.0,2946.7275390625,2946.7275390625,0.33863893151283264,0.061361074447631836,0.0,asphalt,True,0.8083862066268921,118.41686248779297,-1.1175870895385742e-08,0.0,0.0,1.0,2946.759765625,2946.759765625,0.3386380970478058,0.06136190891265869,0.0,asphalt,True,-0.8707255721092224,116.21617889404297,-7.450580596923828e-09,0.0,0.0,1.0,2935.88623046875,2935.88623046875,0.3388308584690094,0.06116914749145508,0.0,asphalt,True,0.8092742562294006,116.21686553955078,2.9802322387695312e-08,0.0,0.0,1.0,2935.92236328125,2935.92236328125,0.33883002400398254,0.061169981956481934,0.0,asphalt,588,119.52590368833836,355.6330285895117,119.52584694027092,39.432247161865234,2.5879591703414917e-05,0.0002865942496260546,6.56305272108338e-07,8.629216482302514,-0.031614265184335355,0.0,0.0,-0.0,2947.26953125,True,0.0,587,8.823977729552396e-06,0.0001436121387644873,6.313712666521811e-07,True,588,119.52591487162844,355.6350900304459,119.52585812356101,39.4322509765625,2.5879591703414917e-05,0.00028659107190208427,6.563052086170113e-07,8.657867808754295,-0.01348526670974962,0.0,0.0,-0.0,2947.303955078125,True,0.0,587,8.918030151966461e-06,0.0001440872881564635,2.693114336334007e-07,True,588,119.53740418449766,355.2428508283554,119.53734743643022,39.432247161865234,2.9902905225753784e-05,0.0003828394297952269,7.58336320600745e-07,14.44318547623132,-0.03667690524168388,35.6459058348521,33.2112,33.2112,2935.323486328125,True,0.0,587,4.798789232276669e-05,0.00024135017425457964,7.354572039959432e-07,True,588,119.53740463231242,355.245634949012,119.53734788424498,39.4322509765625,2.9904767870903015e-05,0.0003827463998838911,7.583834838308342e-07,14.489817184923973,-0.0677188304161595,35.6459058348521,33.2112,33.2112,2935.35595703125,True,0.0,587,4.8508648350406956e-05,0.00024212673115356915,1.357915207406781e-06,True,588
2.950000000000,354,held_throttle,0.0,0.15,0.0,1,-0.031963735818862915,119.2872543334961,0.41872403025627136,0.02313256449997425,39.40095520019531,-0.004149849060922861,2.6923495170194656e-05,asphalt,0.0,0.15,0.0,3724.6515644917727,5,-0.6211852431297302,-0.00010864000068977475,652.1941520034396,160.0,-0.0,6032.689768404559,5739.310231595441,1.7638117242313456e-06,3.687885427498044e-05,False,-0.0,True,0,0,-0.015882641077041626,39.40095138549805,0.08149799704551697,False,True,-0.8724079728126526,120.38688659667969,3.725290298461914e-09,0.0,0.0,1.0,2944.029052734375,2944.029052734375,0.33864477276802063,0.06135523319244385,0.0,asphalt,True,0.8075919151306152,120.38756561279297,0.0,0.0,0.0,1.0,2944.065185546875,2944.065185546875,0.3386439383029938,0.0613560676574707,0.0,asphalt,True,-0.8715197443962097,118.18688201904297,-1.1175870895385742e-08,0.0,0.0,1.0,2942.04345703125,2942.04345703125,0.33880409598350525,0.06119590997695923,0.0,asphalt,True,0.8084801435470581,118.18756103515625,0.0,0.0,0.0,1.0,2942.0732421875,2942.0732421875,0.33880332112312317,0.06119668483734131,0.0,asphalt,594,119.43073362041658,361.60671511762405,119.43131881165944,39.401004791259766,2.385862171649933e-05,0.000282665468474898,6.055333320278399e-07,8.37437867365012,-0.02909487713111961,0.0,0.0,-0.0,2944.448486328125,True,0.0,593,7.987469821445769e-06,0.00013950450865565661,5.816129692669852e-07,True,594,119.43074330345006,361.6087776092469,119.43132849469292,39.40100860595703,2.385862171649933e-05,0.00028264972333229315,6.055332734017685e-07,8.40229824471253,-0.011485432091679177,0.0,0.0,-0.0,2944.487548828125,True,0.0,593,8.064489636492256e-06,0.00013996775101535197,2.295924959742291e-07,True,594,119.45662965195757,361.2175345570578,119.45721484320043,39.401004791259766,2.773292362689972e-05,0.0004995556329213538,7.038633601812884e-07,21.462911278714916,-0.034061072999498586,37.84806874531329,33.2112,33.2112,2941.10791015625,True,0.0,593,0.0001683890539103301,0.0003579479983628304,6.816555891509159e-07,True,594,119.45662268857878,361.22031964836304,119.45720787982164,39.40100860595703,2.773292362689972e-05,0.0004994004460837921,7.038632920351741e-07,21.52914621018478,-0.0801275652734336,37.84806874531329,33.2112,33.2112,2941.14111328125,True,0.0,593,0.00017003560249924046,0.00035904859410527555,1.603597954245426e-06,True,594
3.000000000000,360,held_throttle,0.0,0.15,0.0,1,-0.03275765851140022,121.25640106201172,0.4187130331993103,0.023137502372264862,39.37015914916992,-0.00182661646977067,2.47774751187535e-05,asphalt,0.0,0.15,0.0,3720.083205759414,5,-0.612945556640625,-0.00010067329276353121,651.1728945077921,160.0,-0.0,6031.17924373162,5740.82075626838,1.709574007691117e-06,3.425368994033954e-05,False,-0.0,True,0,0,-0.015875380486249924,39.370155334472656,0.0815948098897934,False,True,-0.8732019662857056,122.35604858398438,1.862645149230957e-08,0.0,0.0,1.0,2941.08349609375,2941.08349609375,0.3386783301830292,0.0613216757774353,0.0,asphalt,True,0.8067978620529175,122.35672760009766,2.60770320892334e-08,0.0,0.0,1.0,2941.11767578125,2941.11767578125,0.3386775553226471,0.06132245063781738,0.0,asphalt,True,-0.8723134994506836,120.15604400634766,2.9802322387695312e-08,0.0,0.0,1.0,2946.460205078125,2946.460205078125,0.33874842524528503,0.06125158071517944,0.0,asphalt,True,0.8076863288879395,120.15672302246094,-2.9802322387695312e-08,0.0,0.0,1.0,2946.48291015625,2946.48291015625,0.3387478291988373,0.0612521767616272,0.0,asphalt,600,119.33717909939904,367.57571438348157,119.33806479135845,39.370235443115234,2.201274037361145e-05,0.0002802538405539705,5.591213800439331e-07,8.210333772722478,-0.026838881023339475,0.0,0.0,-0.0,2941.598876953125,True,0.0,599,7.4688320932496145e-06,0.00013690425711746445,5.370348163884726e-07,True,600,119.33718418290988,367.5777778149908,119.33806987486929,39.3702392578125,2.201460301876068e-05,0.00028019953029804286,5.591686368629289e-07,8.235946687904896,-0.009561225727103584,0.0,0.0,-0.0,2941.632568359375,True,0.0,599,7.554848025347225e-06,0.0001373297709101601,1.913132564049609e-07,True,600,119.37250776721291,367.18810644967397,119.37339345917232,39.370235443115234,2.576783299446106e-05,0.000576377555522066,6.545003529808319e-07,26.093145167909128,-0.03172706637411963,39.30264894295528,33.2112,33.2112,2945.864501953125,True,0.0,599,0.0003100990053506201,0.0004344675344234892,6.33912383381827e-07,True,600,119.37249366299322,367.1908925572917,119.37337935495263,39.3702392578125,2.576783299446106e-05,0.0005761623856722178,6.545002895643845e-07,26.17330395086608,-0.08777353127748355,39.30264894295528,33.2112,33.2112,2945.8896484375,True,0.0,599,0.00031309929568653825,0.0004357985357162843,1.7538062583913011e-06,True,600
3.050000000000,366,held_throttle,0.0,0.15,0.0,1,-0.03355121240019798,123.22401428222656,0.4187079966068268,0.023142216727137566,39.339683532714844,0.0010363005567342043,2.3020968001219444e-05,asphalt,0.0,0.15,0.0,3716.271644367879,5,-0.6065367460250854,-9.344101999886334e-05,650.1635316990865,160.0,-0.0,6029.666053982684,5742.333946017316,1.616831809769792e-06,3.193682605228794e-05,False,-0.0,True,0,0,-0.015867892652750015,39.33967971801758,0.08171691000461578,False,True,-0.8739956021308899,124.32368469238281,-3.725290298461914e-09,0.0,0.0,1.0,2938.12841796875,2938.12841796875,0.3387282192707062,0.0612717866897583,0.0,asphalt,True,0.8060042858123779,124.3243637084961,2.2351741790771484e-08,0.0,0.0,1.0,2938.15966796875,2938.15966796875,0.33872750401496887,0.061272501945495605,0.0,asphalt,True,-0.8731070160865784,122.12368774414062,-3.725290298461914e-09,0.0,0.0,1.0,2949.073974609375,2949.073974609375,0.3386884033679962,0.06131160259246826,0.0,asphalt,True,0.8068928122520447,122.1243667602539,3.3527612686157227e-08,0.0,0.0,1.0,2949.102294921875,2949.102294921875,0.3386876881122589,0.061312317848205566,0.0,asphalt,606,119.24460712915993,373.5400732790847,119.24551025076312,39.33976364135742,2.055056393146515e-05,0.00027851492360872373,5.223865633462708e-07,8.103501025415602,-0.02498925320841753,0.0,0.0,-0.0,2938.586181640625,True,0.0,605,7.159196334172876e-06,0.00013526138772487076,5.005371596768e-07,True,606,119.24462521362497,373.54213793964817,119.24552833522816,39.33976364135742,2.0548701286315918e-05,0.0002786666244048284,5.223392157016278e-07,8.129826778227246,-0.007928864482059247,0.0,0.0,-0.0,2938.617431640625,True,0.0,605,7.239736287742829e-06,0.00013569936777019803,1.5881359100978816e-07,True,606,119.28612916384876,373.1544154379676,119.28703228545194,39.33976364135742,2.4100765585899353e-05,0.0006268208151293757,6.126311740358169e-07,29.150587401143415,-0.02966355746648318,40.2638593283151,33.2112,33.2112,2948.744384765625,True,0.0,605,0.0004378980062553431,0.00048490303024045295,5.920954497279737e-07,True,606,119.28611461562132,373.15720253554247,119.2870177372245,39.33976364135742,2.4098902940750122e-05,0.0006266987779178341,6.125838263911738e-07,29.24228171142134,-0.09232504054829202,40.2638593283151,33.2112,33.2112,2948.77001953125,True,0.0,605,0.0004422121207213143,0.00048642412022956746,1.8429656330091521e-06,True,606
3.100000000000,372,held_throttle,0.0,0.15,0.0,1,-0.034344382584095,125.19010925292969,0.4187079071998596,0.023146778345108032,39.3094482421875,0.0037203291431069374,2.1287030904204585e-05,asphalt,0.0,0.15,0.0,3712.893800267646,5,-0.6033324003219604,-8.772381988819689e-05,649.163770160299,160.0,-0.0,6028.238825302846,5743.761174697154,1.5763411056468613e-06,2.9901231337471254e-05,False,-0.0,True,0,0,-0.015860192477703094,39.309444427490234,0.08177385479211807,False,True,-0.8747888803482056,126.28980255126953,-7.450580596923828e-09,0.0,0.0,1.0,2935.90185546875,2935.90185546875,0.33877959847450256,0.061220407485961914,0.0,asphalt,True,0.8052109479904175,126.29047393798828,3.725290298461914e-09,0.0,0.0,1.0,2935.92822265625,2935.92822265625,0.3387790024280548,0.06122100353240967,0.0,asphalt,True,-0.8738999962806702,124.08979797363281,2.60770320892334e-08,0.0,0.0,1.0,2950.350341796875,2950.350341796875,0.3386367857456207,0.06136322021484375,0.0,asphalt,True,0.8060997724533081,124.0904769897461,3.725290298461914e-08,0.0,0.0,1.0,2950.377197265625,2950.377197265625,0.3386361300945282,0.06136387586593628,0.0,asphalt,612,119.15279054186955,379.49982184507223,119.15351819217155,39.309513092041016,1.9118189811706543e-05,0.00027748465747714064,4.863502065502788e-07,8.03497045275469,-0.02322857739255605,0.0,0.0,-0.0,2936.203369140625,True,0.0,611,6.9646615598147275e-06,0.00013422633236008646,4.656482402266856e-07,True,612,119.15280279715894,379.501887700285,119.15353044746094,39.309513092041016,1.9118189811706543e-05,0.00027758753958333205,4.863502065502788e-07,8.064148455999204,-0.006295152921476554,0.0,0.0,-0.0,2936.2294921875,True,0.0,611,7.052791674331539e-06,0.00013471256125156827,1.261931251383965e-07,True,612,119.19838593765719,379.1163619027898,119.19911358795919,39.309513092041016,2.2580847144126892e-05,0.0006602541050328657,5.744372129782585e-07,31.17163069608886,-0.027802039796124545,40.89951400616484,33.2112,33.2112,2950.210693359375,True,0.0,611,0.0005395901398865376,0.0005182650833286882,5.54654811320283e-07,True,612,119.19836771455593,379.11914997838215,119.19909536485793,39.309513092041016,2.257898449897766e-05,0.0006601011236564342,5.743898288973398e-07,31.267426848249457,-0.09485411329063999,40.89951400616484,33.2112,33.2112,2950.2373046875,True,0.0,611,0.0005447703258769712,0.000519853162224532,1.8925220085102923e-06,True,612
3.150000000000,378,held_throttle,0.0,0.15,0.0,1,-0.03513716533780098,127.15470123291016,0.4187089800834656,0.023151209577918053,39.27939987182617,0.005784207955002785,1.982238063646946e-05,asphalt,0.0,0.15,0.0,3709.763594527561,5,-0.599212646484375,-8.230553066823632e-05,648.1706942666508,160.0,-0.0,6026.9848403376145,5745.0151596623855,1.5296594710889622e-06,2.8151415478680667e-05,False,-0.0,True,0,0,-0.01585227996110916,39.279396057128906,0.08175703883171082,False,True,-0.8755817413330078,128.25439453125,1.4901161193847656e-08,0.0,0.0,1.0,2934.73974609375,2934.73974609375,0.33882030844688416,0.06117969751358032,0.0,asphalt,True,0.8044180870056152,128.25509643554688,2.9802322387695312e-08,0.0,0.0,1.0,2934.7685546875,2934.7685546875,0.3388196527957916,0.06118035316467285,0.0,asphalt,True,-0.8746927976608276,126.05441284179688,-2.9802322387695312e-08,0.0,0.0,1.0,2950.74951171875,2950.74951171875,0.3385982811450958,0.06140172481536865,0.0,asphalt,True,0.8053070902824402,126.05508422851562,-1.862645149230957e-08,0.0,0.0,1.0,2950.7763671875,2950.7763671875,0.3385976254940033,0.06140238046646118,0.0,asphalt,618,119.06150936152301,385.45498353706347,119.06196781390793,39.27943801879883,1.7989426851272583e-05,0.00027648232896228855,4.5798585108732277e-07,7.971029357105204,-0.021810490210754326,0.0,0.0,-0.0,2934.856201171875,True,0.0,617,6.785250185880192e-06,0.00013321929974985557,4.374214639497051e-07,True,618,119.06152237876061,385.45705056276347,119.06198083114553,39.279441833496094,1.7989426851272583e-05,0.00027649454747715184,4.5798580660916086e-07,8.000603433136812,-0.004993987633030605,0.0,0.0,-0.0,2934.882568359375,True,0.0,617,6.869094660363007e-06,0.00013371236920907637,1.0015571993961299e-07,True,618,119.10978971297834,385.0738849930288,119.11024816536326,39.27943801879883,2.1347776055336e-05,0.0006821020828048817,5.434847628195958e-07,32.49820429698695,-0.026251543935329875,41.320373975606536,33.2112,33.2112,2950.729248046875,True,0.0,617,0.0006146635746901035,0.0005402266147885412,5.236231373343482e-07,True,618,119.10976759991995,385.0766738564918,119.11022605230487,39.279441833496094,2.1347776055336e-05,0.0006818191203177906,5.434847100380454e-07,32.59792145552193,-0.09619498051210565,41.320373975606536,33.2112,33.2112,2950.7529296875,True,0.0,617,0.0006205361557097852,0.0005418799415773666,1.9189493303554205e-06,True,618
3.200000000000,384,held_throttle,0.0,0.15,0.0,1,-0.035929545760154724,129.1177978515625,0.4187082350254059,0.02315549924969673,39.24946975708008,0.007062633987516165,1.8499740690458566e-05,asphalt,0.0,0.15,0.0,3706.774718461757,5,-0.5973817110061646,-7.758694118820131e-05,647.1829067926167,160.0,-0.0,6025.911210999898,5746.088789000102,1.478676836086379e-06,2.660275553800366e-05,False,-0.0,True,0,0,-0.015844177454710007,39.24946594238281,0.08170019090175629,False,True,-0.8763741850852966,130.21749877929688,0.0,0.0,0.0,1.0,2934.585205078125,2934.585205078125,0.33884409070014954,0.06115591526031494,0.0,asphalt,True,0.8036257028579712,130.21820068359375,2.9802322387695312e-08,0.0,0.0,1.0,2934.609619140625,2934.609619140625,0.33884355425834656,0.06115645170211792,0.0,asphalt,True,-0.8754851222038269,128.01751708984375,3.725290298461914e-09,0.0,0.0,1.0,2950.639404296875,2950.639404296875,0.3385728895664215,0.06142711639404297,0.0,asphalt,True,0.8045147657394409,128.0181884765625,3.3527612686157227e-08,0.0,0.0,1.0,2950.6650390625,2950.6650390625,0.33857229351997375,0.06142771244049072,0.0,asphalt,624,118.97063558979808,391.4055790012049,118.9708170063861,39.24948501586914,1.6884878277778625e-05,0.00027579288645062565,4.3019362600428465e-07,7.934318311889568,-0.020477099701527522,0.0,0.0,-0.0,2934.553466796875,True,0.0,623,6.6940197887033685e-06,0.0001326194287610876,4.1072195947941e-07,True,624,118.97064769627644,391.4076472158733,118.97082911286446,39.249488830566406,1.6884878277778625e-05,0.0002757974569184966,4.301935841933338e-07,7.963457348106672,-0.0037178334407964096,0.0,0.0,-0.0,2934.57763671875,True,0.0,623,6.776151679748545e-06,0.00013310538262511232,7.456975064999318e-08,True,624,119.0206951236178,391.0269497227353,119.02087654020582,39.24948501586914,2.0131468772888184e-05,0.0006966811134893108,5.129103927031647e-07,33.373223876106486,-0.02476659463794188,41.599532627157416,33.2112,33.2112,2950.679931640625,True,0.0,623,0.0006682492157450259,0.0005547820218644369,4.940059128351472e-07,True,624,119.0206771148449,391.0297395310959,119.02085853143292,39.249488830566406,2.0131468772888184e-05,0.0006964324414621887,5.129103428528881e-07,33.475069715109264,-0.09662214110477221,41.599532627157416,33.2112,33.2112,2950.70263671875,True,0.0,623,0.0006745482093786025,0.000556470835364532,1.9275105174084987e-06,True,624
3.250000000000,390,held_throttle,0.0,0.15,0.0,1,-0.03672151640057564,131.07940673828125,0.4187045097351074,0.023159725591540337,39.21965408325195,0.00760840717703104,1.754504228301812e-05,asphalt,0.0,0.15,0.0,3703.8671081479856,5,-0.59600830078125,-7.417029701173306e-05,646.1997689286425,160.0,-0.0,6024.987420451168,5747.012579548832,1.449222736482625e-06,2.531655413275978e-05,False,-0.0,True,0,0,-0.015835897997021675,39.21965026855469,0.08164404332637787,False,True,-0.877166211605072,132.1791229248047,-1.1175870895385742e-08,0.0,0.0,1.0,2935.134521484375,2935.134521484375,0.33885082602500916,0.06114917993545532,0.0,asphalt,True,0.802833616733551,132.1798095703125,-2.2351741790771484e-08,0.0,0.0,1.0,2935.158935546875,2935.158935546875,0.3388502895832062,0.0611497163772583,0.0,asphalt,True,-0.8762768507003784,129.9791259765625,3.725290298461914e-09,0.0,0.0,1.0,2950.270263671875,2950.270263671875,0.33855870366096497,0.06144130229949951,0.0,asphalt,True,0.8037229180335999,129.97979736328125,-1.1175870895385742e-08,0.0,0.0,1.0,2950.293212890625,2950.293212890625,0.338558167219162,0.06144183874130249,0.0,asphalt,630,118.88011536938605,397.35162735859484,118.88007166016207,39.21965026855469,1.6024336218833923e-05,0.0002750611815464821,4.0857927363215004e-07,7.8971624964332205,-0.01942905271693365,0.0,0.0,-0.0,2935.008056640625,True,0.0,629,6.591767982236231e-06,0.00013197793584087476,3.896402777790178e-07,True,630,118.88013061657773,397.35369676566415,118.88008690735376,39.21965026855469,1.6026198863983154e-05,0.00027518947369658853,4.086267662828105e-07,7.922133034675608,-0.0027243399786699746,0.0,0.0,-0.0,2935.035400390625,True,0.0,629,6.6612424792624145e-06,0.00013239401272698904,5.4634302962858544e-08,True,630,118.9313555053634,396.97553893291985,118.93131179613943,39.21965026855469,1.920759677886963e-05,0.0007062033451492725,4.897442136109064e-07,33.94889930460164,-0.023631981663237836,41.78521879992689,33.2112,33.2112,2950.34619140625,True,0.0,629,0.0007055425662640653,0.0005644159400648343,4.714229107762827e-07,True,630,118.93133006651301,396.9783296678468,118.93128635728904,39.21965026855469,1.920759677886963e-05,0.0007059892988593405,4.897442136109064e-07,34.05286300674615,-0.09676019889616519,41.78521879992689,33.2112,33.2112,2950.366455078125,True,0.0,629,0.0007122122982808765,0.0005661405529759065,1.9304895414687256e-06,True,630
3.300000000000,396,held_throttle,0.0,0.15,0.0,1,-0.037513066083192825,133.03952026367188,0.418698787689209,0.023163851350545883,39.18989181518555,0.00761841144412756,1.678595617704559e-05,asphalt,0.0,0.15,0.0,3701.007186323861,5,-0.5946348309516907,-7.052913133520633e-05,645.2191366890783,160.0,-0.0,6024.257210511113,5747.742789488887,1.4071486020839075e-06,2.417530073352249e-05,False,-0.0,True,0,0,-0.015827467665076256,39.18988800048828,0.0816350057721138,False,True,-0.8779578804969788,134.1392364501953,1.862645149230957e-08,0.0,0.0,1.0,2936.33447265625,2936.33447265625,0.33884528279304504,0.061154723167419434,0.0,asphalt,True,0.8020420074462891,134.13992309570312,-2.60770320892334e-08,0.0,0.0,1.0,2936.35546875,2936.35546875,0.33884480595588684,0.06115520000457764,0.0,asphalt,True,-0.8770684003829956,131.93923950195312,3.725290298461914e-09,0.0,0.0,1.0,2949.80029296875,2949.80029296875,0.3385527431964874,0.06144726276397705,0.0,asphalt,True,0.8029314279556274,131.93991088867188,7.450580596923828e-09,0.0,0.0,1.0,2949.821044921875,2949.821044921875,0.3385522663593292,0.061447739601135254,0.0,asphalt,636,118.78980488291405,403.2931464121207,118.78962959092156,39.189876556396484,1.5210360288619995e-05,0.0002745365872656748,3.8811962744334364e-07,7.874200292128619,-0.01848169496135731,0.0,0.0,-0.0,2936.1689453125,True,0.0,635,6.5447803254295746e-06,0.00013154215942917484,3.704949457084882e-07,True,636,118.78981691396876,403.29521698484234,118.78964162197627,39.189876556396484,1.5212222933769226e-05,0.0002746378952666425,3.8816715617558016e-07,7.9033610656094755,-0.0017969543113646928,0.0,0.0,-0.0,2936.189453125,True,0.0,635,6.6247048403887e-06,0.00013202838257939277,3.602206410654086e-08,True,636,118.84182646786579,402.9196463527227,118.8416511758733,39.189876556396484,1.8300488591194153e-05,0.0007125865262433127,4.669697942237039e-07,34.3355967212458,-0.02253612139882888,41.90925081755287,33.2112,33.2112,2949.882080078125,True,0.0,635,0.0007317835438597286,0.0005709349765492923,4.496285736657892e-07,True,636,118.84180897734699,402.922437993258,118.8416336853545,39.189876556396484,1.8302351236343384e-05,0.0007124392465958985,4.6701732295594035e-07,34.43780673287452,-0.09652959978660537,41.90925081755287,33.2112,33.2112,2949.902587890625,True,0.0,635,0.0007385352016656518,0.0005726306086297675,1.9261952481502658e-06,True,636
3.350000000000,402,held_throttle,0.0,0.15,0.0,1,-0.03830419108271599,134.99813842773438,0.41869354248046875,0.023167887702584267,39.16021728515625,0.007365525234490633,1.6174704796867445e-05,asphalt,0.0,0.15,0.0,3698.1759697326574,5,-0.5928037166595459,-6.781909905839711e-05,644.2420100561404,160.0,-0.0,6023.622784740505,5748.377215259495,1.3972351098345825e-06,2.3169687364925772e-05,False,-0.0,True,0,0,-0.01581891067326069,39.160213470458984,0.08166378736495972,False,True,-0.8787490725517273,136.0978546142578,2.2351741790771484e-08,0.0,0.0,1.0,2937.021728515625,2937.021728515625,0.3388351500034332,0.06116485595703125,0.0,asphalt,True,0.8012507557868958,136.09854125976562,-2.2351741790771484e-08,0.0,0.0,1.0,2937.042236328125,2937.042236328125,0.338834673166275,0.06116533279418945,0.0,asphalt,True,-0.8778595328330994,133.89784240722656,-7.450580596923828e-09,0.0,0.0,1.0,2949.4189453125,2949.4189453125,0.3385523855686188,0.0614476203918457,0.0,asphalt,True,0.8021402955055237,133.89852905273438,-3.725290298461914e-09,0.0,0.0,1.0,2949.440673828125,2949.440673828125,0.33855190873146057,0.061448097229003906,0.0,asphalt,642,118.69976071451674,409.2301518187953,118.69953857138171,39.16019821166992,1.455657184123993e-05,0.00027381945470874626,3.7171854347002086e-07,7.838757077211493,-0.017663072773257345,0.0,0.0,-0.0,2936.935546875,True,0.0,641,6.4467418978026665e-06,0.00013091588198863523,3.539919464663904e-07,True,642,118.6997691393583,409.23222346465417,118.69954699622326,39.16019821166992,1.455657184123993e-05,0.00027389045020514627,3.7171854347002086e-07,7.866146207532015,-0.0010288935010715082,0.0,0.0,-0.0,2936.95654296875,True,0.0,641,6.522614702024894e-06,0.00013137237246241932,2.0619809887360997e-08,True,642,118.75230112957824,408.8592717401119,118.75207898644321,39.16019821166992,1.7624348402023315e-05,0.0007165735203694919,4.500576914028486e-07,34.57390742564644,-0.02167800046556665,41.99261817752417,33.2112,33.2112,2949.46240234375,True,0.0,641,0.0007487521224899614,0.0005749795487692222,4.325660355827102e-07,True,642,118.75227871816132,408.862064457739,118.75205657502629,39.16019821166992,1.7624348402023315e-05,0.0007163846610703259,4.500576914028486e-07,34.67953537191955,-0.09622308901339782,41.99261817752417,33.2112,33.2112,2949.484130859375,True,0.0,641,0.0007558399258191343,0.0005767319996817617,1.9203538420941057e-06,True,642
3.400000000000,408,held_throttle,0.0,0.15,0.0,1,-0.03909488394856453,136.95529174804688,0.41869014501571655,0.023171864449977875,39.13062286376953,0.007042746525257826,1.5491166777792387e-05,asphalt,0.0,0.15,0.0,3695.363758148236,5,-0.5914304852485657,-6.484617188107222e-05,643.2683827508299,160.0,-0.0,6023.061447347013,5748.938552652987,1.3682376902579563e-06,2.2334400017100278e-05,False,-0.0,True,0,0,-0.01581023447215557,39.130619049072266,0.08170492947101593,False,True,-0.8795398473739624,138.0550079345703,-2.9802322387695312e-08,0.0,0.0,1.0,2937.291015625,2937.291015625,0.33882567286491394,0.06117433309555054,0.0,asphalt,True,0.8004599809646606,138.05567932128906,1.4901161193847656e-08,0.0,0.0,1.0,2937.314697265625,2937.314697265625,0.33882513642311096,0.061174869537353516,0.0,asphalt,True,-0.8786500692367554,135.85501098632812,-7.450580596923828e-09,0.0,0.0,1.0,2949.15771484375,2949.15771484375,0.33855512738227844,0.061444878578186035,0.0,asphalt,True,0.8013497591018677,135.85569763183594,1.1175870895385742e-08,0.0,0.0,1.0,2949.176513671875,2949.176513671875,0.338554710149765,0.06144529581069946,0.0,asphalt,648,118.60998920802919,415.16266170439803,118.60976699505952,39.1306037902832,1.4005228877067566e-05,0.0002732553891510549,3.5790985879304796e-07,7.817076042149789,-0.01700389928003901,0.0,0.0,-0.0,2937.270263671875,True,0.0,647,6.395851743074629e-06,0.00013053890655684368,3.407423903992704e-07,True,648,118.61000765531227,415.1647346607757,118.6097854423426,39.1306037902832,1.4007091522216797e-05,0.0002734109605664499,3.579574595190478e-07,7.843712156379806,-0.0003994607806362481,0.0,0.0,-0.0,2937.2880859375,True,0.0,647,6.473621261593993e-06,0.00013098291445227391,8.004329736985764e-09,True,648,118.66287110332496,414.79442243828265,118.66264889035529,39.1306037902832,1.70096755027771e-05,0.0007192241133019333,4.3468982983083487e-07,34.74009443406093,-0.02093200174585452,42.04916521306303,33.2112,33.2112,2949.2001953125,True,0.0,647,0.0007611456185769241,0.0005777947572170279,4.1771454810815645e-07,True,648,118.66284101094848,414.79721579742977,118.66261879797881,39.1306037902832,1.701153814792633e-05,0.0007189703353563492,4.3473743055683473e-07,34.84774637149101,-0.09587553249146591,42.04916521306303,33.2112,33.2112,2949.221923828125,True,0.0,647,0.000768445550003026,0.0005795810077929622,1.913589487875729e-06,True,648
3.450000000000,414,held_throttle,0.0,0.15,0.0,1,-0.03988514095544815,138.91094970703125,0.4186885952949524,0.023175755515694618,39.10106658935547,0.006753661669790745,1.4666185052192304e-05,asphalt,0.0,0.15,0.0,3692.5643462857925,5,-0.5909727811813354,-6.268943252507597e-05,642.2969954201315,160.0,-0.0,6022.600281566889,5749.399718433111,1.3490100627677748e-06,2.155797863943775e-05,False,-0.0,True,0,0,-0.01580146513879299,39.1010627746582,0.08173619210720062,False,True,-0.8803302049636841,140.01065063476562,-3.725290298461914e-09,0.0,0.0,1.0,2937.3369140625,2937.3369140625,0.3388184607028961,0.06118154525756836,0.0,asphalt,True,0.7996696829795837,140.0113525390625,-3.725290298461914e-09,0.0,0.0,1.0,2937.357666015625,2937.357666015625,0.3388179838657379,0.06118202209472656,0.0,asphalt,True,-0.8794403076171875,137.81065368652344,2.60770320892334e-08,0.0,0.0,1.0,2948.93701171875,2948.93701171875,0.3385591208934784,0.061440885066986084,0.0,asphalt,True,0.8005595803260803,137.8113555908203,3.725290298461914e-09,0.0,0.0,1.0,2948.95556640625,2948.95556640625,0.33855870366096497,0.06144130229949951,0.0,asphalt,654,118.52038442518499,421.09068855007445,118.52018560517574,39.10104751586914,1.3500452041625977e-05,0.0002731216967414949,3.452708533229522e-07,7.802906112968682,-0.016392975910103268,0.0,0.0,-0.0,2937.342529296875,True,0.0,653,6.373761282566871e-06,0.00013029907354567222,3.2849198120268756e-07,True,654,118.52039547955702,421.09276262026276,118.52019665954778,39.101051330566406,1.3500452041625977e-05,0.0002731174053897228,3.452708196383393e-07,7.831656285733292,0.0002010582449038955,0.0,0.0,-0.0,2937.360107421875,True,0.0,653,6.450341278978357e-06,0.00013077838502700853,-4.02932667792611e-09,True,654,118.57347355356153,420.7251031884225,118.57327473355228,39.10104751586914,1.6462057828903198e-05,0.0007211765054303954,4.2101321766945265e-07,34.85330528481217,-0.02025703588296832,42.088022722733875,33.2112,33.2112,2948.966796875,True,0.0,653,0.0007700901939381868,0.0005797235984805274,4.0427453505975086e-07,True,654,118.57344978328024,420.72789728119,118.573250963271,39.101051330566406,1.6462057828903198e-05,0.0007208782617576235,4.2101317659541717e-07,34.958383708233924,-0.09548823331788699,42.088022722733875,33.2112,33.2112,2948.98828125,True,0.0,653,0.0007772745428202506,0.0005814672177188258,1.90601168144968e-06,True,654
3.500000000000,420,held_throttle,0.0,0.15,0.0,1,-0.040674954652786255,140.86514282226562,0.41868826746940613,0.02317957952618599,39.07155227661133,0.006546712480485439,1.4171955626807176e-05,asphalt,0.0,0.15,0.0,3689.7733151592765,5,-0.5900573134422302,-6.057028076611459e-05,641.3275942250399,160.0,-0.0,6022.219751354142,5749.780248645858,1.3360051980271237e-06,2.08688779866915e-05,False,-0.0,True,0,0,-0.01579260267317295,39.07154846191406,0.08175069093704224,False,True,-0.8811200261116028,141.96484375,1.1175870895385742e-08,0.0,0.0,1.0,2937.266845703125,2937.266845703125,0.3388141691684723,0.06118583679199219,0.0,asphalt,True,0.7988797426223755,141.9655303955078,1.4901161193847656e-08,0.0,0.0,1.0,2937.28857421875,2937.28857421875,0.3388136923313141,0.06118631362915039,0.0,asphalt,True,-0.8802300691604614,139.7648468017578,1.1175870895385742e-08,0.0,0.0,1.0,2948.81103515625,2948.81103515625,0.3385627567768097,0.061437249183654785,0.0,asphalt,True,0.7997697591781616,139.76551818847656,-1.4901161193847656e-08,0.0,0.0,1.0,2948.83056640625,2948.83056640625,0.33856233954429626,0.06143766641616821,0.0,asphalt,660,118.4308954914531,427.0142394570203,118.43072840538747,39.071537017822266,1.2988224625587463e-05,0.0002727943452134147,3.3242164544646603e-07,7.788473648271593,-0.0157494151944602,0.0,0.0,-0.0,2937.2783203125,True,0.0,659,6.3383698789044495e-06,0.0001300609113813546,3.1560284892214566e-07,True,660,118.43090483323346,427.01631467605006,118.43073774716783,39.071537017822266,1.2988224625587463e-05,0.0002728732463202136,3.3242164544646603e-07,7.816392643737889,0.0008329296281182875,0.0,0.0,-0.0,2937.297607421875,True,0.0,659,6.4238342907014355e-06,0.00013052627872149847,-1.6691393351686637e-08,True,660,118.48412504422261,426.651316572924,118.48395795815698,39.071537017822266,1.592189073562622e-05,0.0007223735979037874,4.0750612724456314e-07,34.92837113234848,-0.01957371008002658,42.11521299514972,33.2112,33.2112,2948.826904296875,True,0.0,659,0.0007764870458294702,0.0005809997727732019,3.906532892276585e-07,True,660,118.48410070874716,426.6541115237492,118.48393362268153,39.071537017822266,1.592189073562622e-05,0.000722168059358158,4.0750612724456314e-07,35.033213084542375,-0.09501484600501944,42.11521299514972,33.2112,33.2112,2948.846435546875,True,0.0,659,0.0007837176448581966,0.0005827399177394992,1.8966548425189202e-06,True,660
3.550000000000,426,held_throttle,0.0,0.15,0.0,1,-0.041464321315288544,142.81787109375,0.4186883866786957,0.023183347657322884,39.04207992553711,0.006428099237382412,1.3621906873595435e-05,asphalt,0.0,0.15,0.0,3686.988160557823,5,-0.5891417860984802,-5.9120997320860624e-05,640.360301447647,160.0,-0.0,6021.892996049627,5750.107003950373,1.3060346191196004e-06,2.026882786235592e-05,False,-0.0,True,0,0,-0.01578366570174694,39.042076110839844,0.08175235986709595,False,True,-0.8819094300270081,143.91757202148438,0.0,0.0,0.0,1.0,2937.17919921875,2937.17919921875,0.3388120234012604,0.0611879825592041,0.0,asphalt,True,0.798090398311615,143.91824340820312,0.0,0.0,0.0,1.0,2937.199951171875,2937.199951171875,0.3388115465641022,0.061188459396362305,0.0,asphalt,True,-0.8810192942619324,141.7175750732422,0.0,0.0,0.0,1.0,2948.7783203125,2948.7783203125,0.3385651409626007,0.06143486499786377,0.0,asphalt,True,0.7989805340766907,141.71826171875,-7.450580596923828e-09,0.0,0.0,1.0,2948.794189453125,2948.794189453125,0.33856478333473206,0.06143522262573242,0.0,asphalt,666,118.34152966285556,432.93332108039544,118.34139193484235,39.04206848144531,1.2634322047233582e-05,0.00027243196148999364,3.236079065133955e-07,7.777732338225824,-0.015346235482966644,0.0,0.0,-0.0,2937.19384765625,True,0.0,665,6.327496521601332e-06,0.00012988527527652214,3.0753237476608427e-07,True,666,118.34154481253779,432.9353974620296,118.34140708452458,39.04206848144531,1.2634322047233582e-05,0.00027256001298227414,3.236079065133955e-07,7.802788083917194,0.0012267661616839718,0.0,0.0,-0.0,2937.215087890625,True,0.0,665,6.388044081839022e-06,0.00013030275577553826,-2.458411772527556e-08,True,666,118.39484642287317,432.5730659874452,118.39470869485996,39.04206848144531,1.5502795577049255e-05,0.000723087664175694,3.970792578373792e-07,34.97566262303375,-0.019092307893949712,42.134707965634604,33.2112,33.2112,2948.77490234375,True,0.0,665,0.0007810578244394395,0.0005817966869855681,3.810503373525761e-07,True,666,118.39482383184546,432.5758618677794,118.39468610383224,39.04206848144531,1.5500932931900024e-05,0.0007228967152983426,3.9703154916768834e-07,35.08728681240961,-0.09468479387679367,42.134707965634604,33.2112,33.2112,2948.7939453125,True,0.0,665,0.0007887512102120542,0.0005836497758626297,1.8901008908086634e-06,True,666
3.600000000000,432,held_throttle,0.0,0.15,0.0,1,-0.04225324094295502,144.7691192626953,0.41868844628334045,0.023187091574072838,39.01264572143555,0.006388332694768906,1.3190796380513348e-05,asphalt,0.0,0.15,0.0,3684.207491322996,5,-0.5882262587547302,-5.744787631556392e-05,639.3949889449216,160.0,-0.0,6021.609616350864,5750.390383649136,1.3017454421060393e-06,1.9747149184645885e-05,False,-0.0,True,0,0,-0.01577465981245041,39.01264190673828,0.08174768835306168,False,True,-0.8826984167098999,145.86880493164062,-2.2351741790771484e-08,0.0,0.0,1.0,2937.08984375,2937.08984375,0.33881130814552307,0.061188697814941406,0.0,asphalt,True,0.7973014116287231,145.8695068359375,0.0,0.0,0.0,1.0,2937.108642578125,2937.108642578125,0.33881089091300964,0.061189115047454834,0.0,asphalt,True,-0.8818081021308899,143.6688232421875,7.450580596923828e-09,0.0,0.0,1.0,2948.824951171875,2948.824951171875,0.33856597542762756,0.061434030532836914,0.0,asphalt,True,0.7981917262077332,143.6695098876953,4.0978193283081055e-08,0.0,0.0,1.0,2948.84423828125,2948.84423828125,0.33856555819511414,0.06143444776535034,0.0,asphalt,672,118.25229107295134,438.8479393348852,118.25217692326812,39.01263427734375,1.2248754501342773e-05,0.0002722650476427438,3.1396891617892436e-07,7.766996424257487,-0.014854905025302814,0.0,0.0,-0.0,2937.104736328125,True,0.0,671,6.305477351965271e-06,0.0001297099242293885,2.9769535284397336e-07,True,672,118.25230266793326,438.8500168368069,118.25218851825005,39.012638092041016,1.2248754501342773e-05,0.000272265319558917,3.1396888547870965e-07,7.796083743215467,0.0017114406926350386,0.0,0.0,-0.0,2937.12060546875,True,0.0,671,6.380237124899877e-06,0.00013019498418388693,-3.4297819055498815e-08,True,672,118.30565521909087,438.4903553474223,118.30554106940765,39.01263427734375,1.5107914805412292e-05,0.0007236615901283762,3.8725697675292153e-07,35.01565771275601,-0.01857803041571768,42.14912709507065,33.2112,33.2112,2948.81201171875,True,0.0,671,0.0007850935007533457,0.0005824546496187693,3.7077961873148413e-07,True,672,118.30563160009235,438.4931520458878,118.30551745040914,39.012638092041016,1.5106052160263062e-05,0.0007233639499817329,3.872091942263217e-07,35.12101394696207,-0.09431234210339358,42.14912709507065,33.2112,33.2112,2948.83154296875,True,0.0,671,0.0007924336907183579,0.0005842033484376021,1.8826426280464983e-06,True,672
3.650000000000,438,held_throttle,0.0,0.15,0.0,1,-0.04304170981049538,146.71888732910156,0.41868826746940613,0.023190783336758614,38.98324966430664,0.006405425723642111,1.2678776329266839e-05,asphalt,0.0,0.15,0.0,3681.4304731637317,5,-0.5877684950828552,-5.6406453950330615e-05,638.4317788181073,160.0,-0.0,6021.351908670861,5750.648091329139,1.2875418633484514e-06,1.9276709107500352e-05,False,-0.0,True,0,0,-0.015765603631734848,38.983245849609375,0.08174514770507812,False,True,-0.8834869861602783,147.81858825683594,1.4901161193847656e-08,0.0,0.0,1.0,2937.031005859375,2937.031005859375,0.3388114273548126,0.061188578605651855,0.0,asphalt,True,0.7965128421783447,147.8192596435547,-4.0978193283081055e-08,0.0,0.0,1.0,2937.044677734375,2937.044677734375,0.33881112933158875,0.06118887662887573,0.0,asphalt,True,-0.882596492767334,145.61859130859375,1.1175870895385742e-08,0.0,0.0,1.0,2948.947998046875,2948.947998046875,0.33856549859046936,0.06143450736999512,0.0,asphalt,True,0.7974033355712891,145.6192626953125,-1.4901161193847656e-08,0.0,0.0,1.0,2948.967041015625,2948.967041015625,0.33856508135795593,0.061434924602508545,0.0,asphalt,678,118.16316309184417,444.75809950706946,118.16306251995643,38.983238220214844,1.1894851922988892e-05,0.0002720553904173447,3.051273435981627e-07,7.753796984044633,-0.014457205414146562,0.0,0.0,-0.0,2937.041748046875,True,0.0,677,6.273759415497136e-06,0.00012949226826469148,2.897315919686973e-07,True,678,118.16317507817631,444.7601781827755,118.16307450628857,38.98324203491211,1.1894851922988892e-05,0.00027205897540742366,3.051273137399882e-07,7.783105548293792,0.0020960653551594936,0.0,0.0,-0.0,2937.05810546875,True,0.0,677,6.354649499189899e-06,0.00012998101298090475,-4.200661567077343e-08,True,678,118.2165569114232,444.403188393963,118.21645633953545,38.983238220214844,1.4722347259521484e-05,0.0007240435080167203,3.7765839708735325e-07,35.03353992952178,-0.018139369121286577,42.160197801013595,33.2112,33.2112,2948.934814453125,True,0.0,677,0.0007876767893494832,0.0005827278228696293,3.6200811498976656e-07,True,678,118.21653471367718,444.4059860758133,118.21643414178943,38.98324203491211,1.4720484614372253e-05,0.0007237576745436016,3.776105794686951e-07,35.145453841855634,-0.09396441887685796,42.160197801013595,33.2112,33.2112,2948.947265625,True,0.0,677,0.0007954614696833994,0.0005845869308423873,1.8756243872533161e-06,True,678
3.700000000000,444,held_throttle,0.0,0.15,0.0,1,-0.043829724192619324,148.6671905517578,0.4186880886554718,0.02319445088505745,38.953895568847656,0.006450751796364784,1.2434931704774499e-05,asphalt,0.0,0.15,0.0,3678.6567878216124,5,-0.5868529677391052,-5.495587538462132e-05,637.4705431209364,160.0,-0.0,6021.117162557242,5750.882837442758,1.2866159977420466e-06,1.8876485431154387e-05,False,-0.0,True,0,0,-0.015756485983729362,38.95389175415039,0.08174657821655273,False,True,-0.8842750787734985,149.76687622070312,-1.1175870895385742e-08,0.0,0.0,1.0,2936.97314453125,2936.97314453125,0.3388121426105499,0.06118786334991455,0.0,asphalt,True,0.7957247495651245,149.767578125,3.725290298461914e-09,0.0,0.0,1.0,2936.992919921875,2936.992919921875,0.3388117253780365,0.06118828058242798,0.0,asphalt,True,-0.8833844065666199,147.56687927246094,2.60770320892334e-08,0.0,0.0,1.0,2949.033203125,2949.033203125,0.3385644257068634,0.061435580253601074,0.0,asphalt,True,0.7966153621673584,147.56756591796875,-2.60770320892334e-08,0.0,0.0,1.0,2949.0498046875,2949.0498046875,0.33856406807899475,0.06143593788146973,0.0,asphalt,684,118.0741544394358,450.66380687376557,118.07405912578804,38.953887939453125,1.1632218956947327e-05,0.00027168085447956366,2.9861509523843147e-07,7.736645166899679,-0.014102750785542326,0.0,0.0,-0.0,2936.98486328125,True,0.0,683,6.243523602117654e-06,0.00012920832603267312,2.826335752416333e-07,True,684,118.07416979054557,450.66588693190107,118.0740744768978,38.953887939453125,1.1632218956947327e-05,0.00027181090224852653,2.9861509523843147e-07,7.767672137081491,0.0024311030239055117,0.0,0.0,-0.0,2937.001708984375,True,0.0,683,6.3263038658939576e-06,0.00012972575895407127,-4.872186940860024e-08,True,684,118.12756556647012,450.3115699158905,118.12747025282236,38.953887939453125,1.4457851648330688e-05,0.0007241561490822172,3.711529814636777e-07,35.052473285552445,-0.017775918312182365,42.169059162294744,33.2112,33.2112,2949.021728515625,True,0.0,683,0.0007903069418211735,0.0005830255534883833,3.547428242538636e-07,True,684,118.12753573957298,450.3143683423013,118.12744042592522,38.953887939453125,1.4457851648330688e-05,0.0007239034688858511,3.711529814636777e-07,35.160665084229116,-0.09370102528596126,42.169059162294744,33.2112,33.2112,2949.038330078125,True,0.0,683,0.0007978535595988972,0.0005848218705733814,1.8703094265972082e-06,True,684
3.750000000000,450,held_throttle,0.0,0.15,0.0,1,-0.04461728036403656,150.61402893066406,0.41868793964385986,0.023198142647743225,38.924583435058594,0.006503092125058174,1.2125087778258603e-05,asphalt,0.0,0.15,0.0,3675.8863942045873,5,-0.5859374403953552,-5.3952448070049286e-05,636.5114037743176,160.0,-0.0,6020.894866124336,5751.105133875664,1.285449116039672e-06,1.8571645079106616e-05,False,-0.0,True,0,0,-0.01574733853340149,38.92457962036133,0.08174879848957062,False,True,-0.8850626945495605,151.71371459960938,-3.725290298461914e-09,0.0,0.0,1.0,2936.927001953125,2936.927001953125,0.3388129770755768,0.061187028884887695,0.0,asphalt,True,0.7949371337890625,151.7144012451172,2.9802322387695312e-08,0.0,0.0,1.0,2936.94384765625,2936.94384765625,0.33881261944770813,0.06118738651275635,0.0,asphalt,True,-0.8841719627380371,149.51373291015625,7.450580596923828e-09,0.0,0.0,1.0,2949.078125,2949.078125,0.3385632336139679,0.06143677234649658,0.0,asphalt,True,0.7958278656005859,149.51441955566406,4.0978193283081055e-08,0.0,0.0,1.0,2949.09765625,2949.09765625,0.33856281638145447,0.06143718957901001,0.0,asphalt,690,117.9852755183262,456.56506774521944,117.98517942610732,38.9245719909668,1.1410564184188843e-05,0.0002715233473422243,2.9314552737629484e-07,7.7266109770881535,-0.013838274011264525,0.0,0.0,-0.0,2936.938720703125,True,0.0,689,6.2221051852114285e-06,0.0001290427737604944,2.773375521925241e-07,True,690,117.98528652063945,456.5671488839109,117.98519042842057,38.92457580566406,1.1410564184188843e-05,0.0002715185953399825,2.931454986473641e-07,7.755462408069614,0.0026885862278326496,0.0,0.0,-0.0,2936.952392578125,True,0.0,689,6.297321120824907e-06,0.00012952402202137827,-5.388296222452806e-08,True,690,118.03868664628597,456.21550512935414,118.03859055406708,38.9245719909668,1.4232471585273743e-05,0.000724339430478901,3.6564233997424634e-07,35.0635293311021,-0.01751542229181643,42.17646218363292,33.2112,33.2112,2949.073486328125,True,0.0,689,0.0007924084497920829,0.0005831991956841322,3.4953706550701e-07,True,690,118.03865639489219,456.2183041265923,118.0385603026733,38.92457580566406,1.4234334230422974e-05,0.0007239848878779722,3.6569015681735564e-07,35.17158507988971,-0.0935203306609713,42.17646218363292,33.2112,33.2112,2949.08984375,True,0.0,689,0.0007999691378292816,0.0005849932655008328,1.8666703900213143e-06,True,690
3.800000000000,456,held_throttle,0.0,0.15,0.0,1,-0.045404382050037384,152.5594024658203,0.41868793964385986,0.02320176735520363,38.89530944824219,0.00655056769028306,1.1873101357195992e-05,asphalt,0.0,0.15,0.0,3673.1193357700568,5,-0.5850219130516052,-5.294822040013969e-05,635.5542330282333,160.0,-0.0,6020.686334477747,5751.313665522253,1.2625134786503622e-06,1.8262137057391304e-05,False,-0.0,True,0,0,-0.015738165006041527,38.89530563354492,0.08174972236156464,False,True,-0.8858498334884644,153.6591033935547,-2.2351741790771484e-08,0.0,0.0,1.0,2936.889892578125,2936.889892578125,0.3388138711452484,0.061186134815216064,0.0,asphalt,True,0.7941499948501587,153.6597900390625,1.1175870895385742e-08,0.0,0.0,1.0,2936.90673828125,2936.90673828125,0.33881351351737976,0.06118649244308472,0.0,asphalt,True,-0.8849589824676514,151.45909118652344,-1.4901161193847656e-08,0.0,0.0,1.0,2949.09716796875,2949.09716796875,0.33856233954429626,0.06143766641616821,0.0,asphalt,True,0.7950408458709717,151.45977783203125,1.862645149230957e-08,0.0,0.0,1.0,2949.11376953125,2949.11376953125,0.3385619819164276,0.061438024044036865,0.0,asphalt,696,117.8965035540501,462.4618873147333,117.89640393678255,38.89529800415039,1.12093985080719e-05,0.0002711939290198221,2.8819417984342147e-07,7.718037958424183,-0.01361701836034785,0.0,0.0,-0.0,2936.896484375,True,0.0,695,6.210397925588035e-06,0.00012890144832004936,2.729072217924831e-07,True,696,117.89652207965496,462.4639698388287,117.8964224623874,38.895301818847656,1.12093985080719e-05,0.00027125300345071915,2.881941515784769e-07,7.744883274398599,0.002909451003499888,0.0,0.0,-0.0,2936.9130859375,True,0.0,695,6.289799159694878e-06,0.00012934907027073976,-5.831013977143202e-08,True,696,117.94992080248373,462.1149993949917,117.94982118521618,38.89529800415039,1.3982877135276794e-05,0.0007244027457055847,3.5950044999742963e-07,35.07296000648513,-0.01723035620737432,42.18290193790363,33.2112,33.2112,2949.09716796875,True,0.0,695,0.0007943937296077795,0.000583351351243754,3.4384437422593135e-07,True,696,117.94989054770951,462.1177989589625,117.94979093044196,38.895301818847656,1.3981014490127563e-05,0.0007240479075763682,3.5945252604652944e-07,35.18105958211065,-0.09330907857302455,42.18290193790363,33.2112,33.2112,2949.110595703125,True,0.0,695,0.0008019613720600857,0.0005851467161711351,1.86244099834038e-06,True,696
3.850000000000,462,held_throttle,0.0,0.15,0.0,1,-0.0461910180747509,154.50331115722656,0.41868793964385986,0.023205354809761047,38.86607360839844,0.00658430065959692,1.1710473700077273e-05,asphalt,0.0,0.15,0.0,3670.3556300369296,5,-0.5845641493797302,-5.212888936512172e-05,634.5991526237704,160.0,-0.0,6020.482257770664,5751.517742229336,1.249853312401683e-06,1.799599689510133e-05,False,-0.0,True,0,0,-0.015728946775197983,38.86606979370117,0.08174928277730942,False,True,-0.8866365551948547,155.60301208496094,2.2351741790771484e-08,0.0,0.0,1.0,2936.876220703125,2936.876220703125,0.33881452679634094,0.061185479164123535,0.0,asphalt,True,0.7933632731437683,155.60369873046875,1.1175870895385742e-08,0.0,0.0,1.0,2936.89306640625,2936.89306640625,0.3388141691684723,0.06118583679199219,0.0,asphalt,True,-0.8857455849647522,153.40301513671875,2.2351741790771484e-08,0.0,0.0,1.0,2949.09765625,2949.09765625,0.33856168389320374,0.06143832206726074,0.0,asphalt,True,0.7942543029785156,153.40370178222656,-2.9802322387695312e-08,0.0,0.0,1.0,2949.114013671875,2949.114013671875,0.3385613262653351,0.061438679695129395,0.0,asphalt,702,117.80786049692448,468.3542715927152,117.80775553759791,38.86606216430664,1.1026859283447266e-05,0.0002709767620376881,2.837143427813916e-07,7.704557488928529,-0.013401615144305493,0.0,0.0,-0.0,2936.878662109375,True,0.0,701,6.1835832198990795e-06,0.00012867708687921525,2.6859182345901414e-07,True,702,117.80787295119478,468.35635545690985,117.80776799186822,38.866065979003906,1.1028721928596497e-05,0.00027098433106304215,2.837622396502414e-07,7.734194444824362,0.0031043624142325114,0.0,0.0,-0.0,2936.8955078125,True,0.0,701,6.263665813492504e-06,0.00012917132638070558,-6.221682451284832e-08,True,702,117.8612633941624,468.01005799727795,117.86115843483584,38.86606216430664,1.3772398233413696e-05,0.000724404639912605,3.5435538015634765e-07,35.07845952903279,-0.016976903461951826,42.18870477930239,33.2112,33.2112,2949.096923828125,True,0.0,701,0.0007961077959692903,0.0005834428514264398,3.387855177393154e-07,True,702,117.86124272883552,468.0128584096867,117.86113776950896,38.866065979003906,1.3772398233413696e-05,0.0007241309559608869,3.5435534537643193e-07,35.18567456255389,-0.09312448930290947,42.18870477930239,33.2112,33.2112,2949.113525390625,True,0.0,701,0.0008036277662321668,0.0005852228734464938,1.8587550216147017e-06,True,702
3.900000000000,468,held_throttle,0.0,0.15,0.0,1,-0.046977195888757706,156.4457550048828,0.41868793964385986,0.023208914324641228,38.83687973022461,0.006607569754123688,1.1507142517075408e-05,asphalt,0.0,0.15,0.0,3667.595378234733,5,-0.5836486220359802,-5.157083796802908e-05,633.6460350066482,160.0,-0.0,6020.285939928357,5751.714060071643,1.2429929938662099e-06,1.7737678750489888e-05,False,-0.0,True,0,0,-0.015719719231128693,38.836875915527344,0.08174851536750793,False,True,-0.8874228000640869,157.54547119140625,3.725290298461914e-09,0.0,0.0,1.0,2936.86376953125,2936.86376953125,0.33881494402885437,0.06118506193161011,0.0,asphalt,True,0.7925770282745361,157.54615783691406,1.1175870895385742e-08,0.0,0.0,1.0,2936.87744140625,2936.87744140625,0.3388146460056305,0.061185359954833984,0.0,asphalt,True,-0.88653165102005,155.34547424316406,-1.862645149230957e-08,0.0,0.0,1.0,2949.114990234375,2949.114990234375,0.33856120705604553,0.061438798904418945,0.0,asphalt,True,0.793468177318573,155.3461456298828,3.3527612686157227e-08,0.0,0.0,1.0,2949.131103515625,2949.131103515625,0.3385608494281769,0.0614391565322876,0.0,asphalt,708,117.71933409150624,474.24222664326663,117.71922766439347,38.83686828613281,1.0868534445762634e-05,0.00027066971483906573,2.7985094899227745e-07,7.691596972705216,-0.013230148963038242,0.0,0.0,-0.0,2936.866455078125,True,0.0,707,6.158247520204605e-06,0.00012846116113282788,2.6515644506467514e-07,True,708,117.71934605030656,474.2443116906348,117.71923962319379,38.83687210083008,1.0868534445762634e-05,0.000270673079536164,2.7985092150431067e-07,7.721005830539069,0.0032636110642102235,0.0,0.0,-0.0,2936.883056640625,True,0.0,707,6.240351930858489e-06,0.00012895160502833763,-6.540869799654277e-08,True,708,117.77272748197011,473.90068678009584,117.77262105485734,38.83686828613281,1.3597309589385986e-05,0.0007243576570094439,3.5011344089864525e-07,35.081197962536926,-0.01678589537710421,42.1940858240473,33.2112,33.2112,2949.1083984375,True,0.0,707,0.0007976320731065003,0.0005834861073779336,3.349716977676068e-07,True,708,117.77270866709748,473.9034883171437,117.7726022399847,38.83687210083008,1.3599172234535217e-05,0.0007240994907901391,3.5016136724986153e-07,35.18942494180528,-0.0929940598986679,42.1940858240473,33.2112,33.2112,2949.12451171875,True,0.0,707,0.0008052501744828875,0.0005852830503458021,1.856144960231785e-06,True,708
3.950000000000,474,held_throttle,0.0,0.15,0.0,1,-0.0477629154920578,158.38673400878906,0.4186878502368927,0.023212462663650513,38.8077278137207,0.006626136600971222,1.1328047548886389e-05,asphalt,0.0,0.15,0.0,3664.838788980113,5,-0.5827330946922302,-5.078903632238507e-05,632.6950017386454,160.0,-0.0,6020.091178555057,5751.908821444943,1.2394405075610848e-06,1.751476178055634e-05,False,-0.0,True,0,0,-0.01571046933531761,38.80772399902344,0.08174797892570496,False,True,-0.8882086277008057,159.4864501953125,0.0,0.0,0.0,1.0,2936.858154296875,2936.858154296875,0.33881524205207825,0.06118476390838623,0.0,asphalt,True,0.7917912006378174,159.4871368408203,-1.1175870895385742e-08,0.0,0.0,1.0,2936.875244140625,2936.875244140625,0.3388148844242096,0.06118512153625488,0.0,asphalt,True,-0.8873172998428345,157.2864532470703,0.0,0.0,0.0,1.0,2949.12353515625,2949.12353515625,0.3385607898235321,0.06143921613693237,0.0,asphalt,True,0.7926825284957886,157.28713989257812,7.450580596923828e-09,0.0,0.0,1.0,2949.137939453125,2949.137939453125,0.3385604918003082,0.06143951416015625,0.0,asphalt,714,117.63093618539594,480.1257588967615,117.63082745795279,38.807716369628906,1.0682269930839539e-05,0.0002703733312164079,2.75261492562321e-07,7.6792931017308135,-0.012997677888376878,0.0,0.0,-0.0,2936.8564453125,True,0.0,713,6.1347525392258436e-06,0.0001282561046614983,2.604981903559942e-07,True,714,117.63094812851621,480.12784512207776,117.63083940107306,38.80772018432617,1.0682269930839539e-05,0.00027037656513551197,2.752614655048371e-07,7.7087175757076185,0.003486261315192513,0.0,0.0,-0.0,2936.873291015625,True,0.0,713,6.218137891566189e-06,0.0001287468014679631,-6.987121539242138e-08,True,714,117.68431993395848,479.7868923060307,117.68421120651533,38.807716369628906,1.3403594493865967e-05,0.0007243200890683953,3.453847777643301e-07,35.08456177585597,-0.016537689387828073,42.19918678730155,33.2112,33.2112,2949.123779296875,True,0.0,713,0.0007992023745892756,0.0005835389918796122,3.3001584155841953e-07,True,714,117.68430118343015,479.78969499009713,117.684192455987,38.80772018432617,1.3403594493865967e-05,0.0007240622760707643,3.453847438139109e-07,35.19287829623092,-0.09281140194870299,42.19918678730155,33.2112,33.2112,2949.137939453125,True,0.0,713,0.0008068280577180723,0.0005853378022114034,1.8524909496104477e-06,True,714
4.000000000000,480,held_throttle,0.0,0.15,0.0,1,-0.04854816570878029,160.32627868652344,0.41868770122528076,0.023216024041175842,38.77861404418945,0.006637186277657747,1.1099369658040814e-05,asphalt,0.0,0.15,0.0,3662.085871485503,5,-0.5818175673484802,-5.045428406447172e-05,631.7459254607046,160.0,-0.0,6019.902376640815,5752.097623359185,1.244859276994248e-06,1.7345105685957403e-05,False,-0.0,True,0,0,-0.015701202675700188,38.77861022949219,0.0817483514547348,False,True,-0.8889938592910767,161.42599487304688,0.0,0.0,0.0,1.0,2936.86572265625,2936.86572265625,0.33881524205207825,0.06118476390838623,0.0,asphalt,True,0.7910059094429016,161.4266815185547,3.725290298461914e-09,0.0,0.0,1.0,2936.879150390625,2936.879150390625,0.33881494402885437,0.06118506193161011,0.0,asphalt,True,-0.8881024718284607,159.2259979248047,-1.1175870895385742e-08,0.0,0.0,1.0,2949.12451171875,2949.12451171875,0.33856043219566345,0.061439573764801025,0.0,asphalt,True,0.7918974161148071,159.22666931152344,4.0978193283081055e-08,0.0,0.0,1.0,2949.140380859375,2949.140380859375,0.3385600745677948,0.06143993139266968,0.0,asphalt,720,117.54265718060098,486.0048743783863,117.5425456535658,38.778602600097656,1.0592862963676453e-05,0.0002701043564845431,2.731625755810374e-07,7.668681154151842,-0.012894405548625879,0.0,0.0,-0.0,2936.8642578125,True,0.0,719,6.114532169367009e-06,0.0001280785274678176,2.584277293508999e-07,True,720,117.5426691110907,486.0069617811714,117.54255758405552,38.77860641479492,1.0592862963676453e-05,0.0002701074853740456,2.731625487097125e-07,7.698121009464852,0.003575382306202819,0.0,0.0,-0.0,2936.880859375,True,0.0,719,6.1979586580391545e-06,0.0001285694915579775,-7.165717015168736e-08,True,720,117.5960304720882,485.66868055749205,117.59591894505301,38.778602600097656,1.3325363397598267e-05,0.0007243029353353929,3.436267040103241e-07,35.08902712440726,-0.016459372740124652,42.20410103452432,33.2112,33.2112,2949.1279296875,True,0.0,719,0.0008008453198816998,0.0005836124201737557,3.2845211206822553e-07,True,720,117.59600693020313,485.67148415089235,117.59589540316794,38.77860641479492,1.3327226042747498e-05,0.0007240041550693363,3.436747030100167e-07,35.19501718986087,-0.09279701654593597,42.20410103452432,33.2112,33.2112,2949.144287109375,True,0.0,719,0.0008083215116892308,0.0005853720957369426,1.8521999533423732e-06,True,720
4.050000000000,486,held_throttle,0.0,0.15,0.0,1,-0.049332957714796066,162.2643585205078,0.41868770122528076,0.023219576105475426,38.74953842163086,0.006639893166720867,1.1009639820258599e-05,asphalt,0.0,0.15,0.0,3659.336630624794,5,-0.5813598036766052,-5.008133302908391e-05,630.7989275558098,160.0,-0.0,6019.712436904707,5752.287563095293,1.241142172148102e-06,1.7210940417769454e-05,False,-0.0,True,0,0,-0.01569192297756672,38.749534606933594,0.08174838870763779,False,True,-0.889778733253479,163.36407470703125,2.9802322387695312e-08,0.0,0.0,1.0,2936.875732421875,2936.875732421875,0.338815301656723,0.061184704303741455,0.0,asphalt,True,0.790221095085144,163.36474609375,-2.2351741790771484e-08,0.0,0.0,1.0,2936.889892578125,2936.889892578125,0.33881500363349915,0.06118500232696533,0.0,asphalt,True,-0.8888872265815735,161.1640625,-2.2351741790771484e-08,0.0,0.0,1.0,2949.10986328125,2949.10986328125,0.3385603725910187,0.0614396333694458,0.0,asphalt,True,0.7911126017570496,161.16476440429688,1.1175870895385742e-08,0.0,0.0,1.0,2949.126953125,2949.126953125,0.33856001496315,0.06143999099731445,0.0,asphalt,726,117.45449983322614,491.8795790178251,117.45438548525125,38.74952697753906,1.0458752512931824e-05,0.0002698863248479895,2.699065854144213e-07,7.655264910580565,-0.01272768913760491,0.0,0.0,-0.0,2936.873291015625,True,0.0,725,6.086564575052682e-06,0.00012785406214540086,2.550856413899347e-07,True,726,117.45451177093375,491.88166759874537,117.45439742295886,38.74953079223633,1.0458752512931824e-05,0.00026988951757591164,2.6990655884346955e-07,7.684724812064111,0.0037299164896963267,0.0,0.0,-0.0,2936.887451171875,True,0.0,725,6.171329883785797e-06,0.00012834546745442256,-7.475412836093372e-08,True,726,117.50786233584239,491.5460574348814,117.5077479878675,38.74952697753906,1.3183802366256714e-05,0.0007243338300671426,3.402313110531161e-07,35.09026492511396,-0.01628036506097633,42.20889012285828,33.2112,33.2112,2949.1123046875,True,0.0,725,0.0008022696767994098,0.0005836360786041376,3.248808798170252e-07,True,726,117.50783865157273,491.54886188762737,117.50772430359784,38.74953079223633,1.3183802366256714e-05,0.0007240336130287922,3.4023127755904725e-07,35.19627170175739,-0.09267258618742784,42.20889012285828,33.2112,33.2112,2949.129638671875,True,0.0,725,0.0008097860437501237,0.0005853958468218363,1.8497257362586968e-06,True,726
4.100000000000,492,held_throttle,0.0,0.15,0.0,1,-0.05011728033423424,164.20098876953125,0.41868770122528076,0.023223120719194412,38.720489501953125,0.00663791224360466,1.1126281606266275e-05,asphalt,0.0,0.15,0.0,3656.5909510285346,5,-0.5809020400047302,-4.9931753892451525e-05,629.8535085915206,160.0,-0.0,6019.5417842682455,5752.4582157317545,1.237669721376733e-06,1.7076341196643713e-05,False,-0.0,True,0,0,-0.0156826451420784,38.72048568725586,0.08174832910299301,False,True,-0.8905631303787231,165.30068969726562,1.1175870895385742e-08,0.0,0.0,1.0,2936.88134765625,2936.88134765625,0.338815301656723,0.061184704303741455,0.0,asphalt,True,0.7894367575645447,165.3013916015625,-2.2351741790771484e-08,0.0,0.0,1.0,2936.896484375,2936.896484375,0.33881500363349915,0.06118500232696533,0.0,asphalt,True,-0.8896714448928833,163.1007080078125,-1.1175870895385742e-08,0.0,0.0,1.0,2949.10107421875,2949.10107421875,0.33856043219566345,0.061439573764801025,0.0,asphalt,True,0.7903283834457397,163.10137939453125,2.2351741790771484e-08,0.0,0.0,1.0,2949.11865234375,2949.11865234375,0.3385600745677948,0.06143993139266968,0.0,asphalt,732,117.36642724832002,497.7498781910403,117.36631202959491,38.72047805786133,1.0330229997634888e-05,0.000269700546276213,2.6678983617397047e-07,7.649619768897948,-0.012558819074898277,0.0,0.0,-0.0,2936.8798828125,True,0.0,731,6.081510206594183e-06,0.00012775949294995122,2.517006228482588e-07,True,732,117.36643917426092,497.75196795005564,117.3663239555358,38.720481872558594,1.0330229997634888e-05,0.00026970364113441855,2.667898098901432e-07,7.6790984348617,0.003898979520157153,0.0,0.0,-0.0,2936.894775390625,True,0.0,731,6.1663569824987414e-06,0.00012825117901551898,-7.814223651992784e-08,True,732,117.41977423321302,497.41902814279865,117.4196590144879,38.72047805786133,1.3047829270362854e-05,0.0007243567359126434,3.3697490126192516e-07,35.097014202788046,-0.01610477029410975,42.21359464766106,33.2112,33.2112,2949.105224609375,True,0.0,731,0.0008040850834748349,0.0005837497185153176,3.2137677054303776e-07,True,732,117.41975056260597,497.4218334536019,117.41963534388086,38.720481872558594,1.3047829270362854e-05,0.0007240564100842123,3.369748680635461e-07,35.20307687390063,-0.0925706420226627,42.21359464766106,33.2112,33.2112,2949.1201171875,True,0.0,731,0.0008115946145270642,0.0005855109049923521,1.8476971408598188e-06,True,732
4.150000000000,498,held_throttle,0.0,0.15,0.0,1,-0.0509011447429657,166.13616943359375,0.41868770122528076,0.023226654157042503,38.691471099853516,0.0066336155869066715,1.0986069355567452e-05,asphalt,0.0,0.15,0.0,3653.8483799740934,5,-0.5799865126609802,-5.00434689456597e-05,628.9096666128421,160.0,-0.0,6019.3841423551485,5752.6158576448515,1.234853925780044e-06,1.6933332490142327e-05,False,-0.0,True,0,0,-0.015673376619815826,38.69146728515625,0.08174843341112137,False,True,-0.8913470506668091,167.2358856201172,0.0,0.0,0.0,1.0,2936.88671875,2936.88671875,0.33881524205207825,0.06118476390838623,0.0,asphalt,True,0.788652777671814,167.236572265625,-1.1175870895385742e-08,0.0,0.0,1.0,2936.902099609375,2936.902099609375,0.3388148844242096,0.06118512153625488,0.0,asphalt,True,-0.8904553055763245,165.035888671875,7.450580596923828e-09,0.0,0.0,1.0,2949.09716796875,2949.09716796875,0.3385604918003082,0.06143951416015625,0.0,asphalt,True,0.7895445227622986,165.03656005859375,4.0978193283081055e-08,0.0,0.0,1.0,2949.1162109375,2949.1162109375,0.3385600745677948,0.06143993139266968,0.0,asphalt,738,117.27843731241646,503.61577581806307,117.27832211405675,38.69145965576172,1.035258173942566e-05,0.00026943044869487745,2.6756761909559444e-07,7.638980278682392,-0.012590542823969052,0.0,0.0,-0.0,2936.886962890625,True,0.0,737,6.064116675860167e-06,0.00012758149027065828,2.5233581008567435e-07,True,738,117.27844922205566,503.61786675475383,117.27833402369595,38.691463470458984,1.035258173942566e-05,0.00026943340686359324,2.675675927153707e-07,7.668475584666902,0.0038552633670984487,0.0,0.0,-0.0,2936.903076171875,True,0.0,737,6.147437191962625e-06,0.00012807340074910106,-7.726587432135262e-08,True,738,117.33177168097784,503.28759659159596,117.33165648261813,38.69145965576172,1.3062730431556702e-05,0.0007243200233413668,3.376127586753108e-07,35.10020297424111,-0.016130138912898828,42.21824158697982,33.2112,33.2112,2949.0966796875,True,0.0,737,0.0008056655807285891,0.0005838044265753757,3.2188391441203084e-07,True,738,117.33174788863494,503.29040275818085,117.33163269027523,38.691463470458984,1.3064593076705933e-05,0.0007240184339869033,3.3766086637380055e-07,35.20633752196362,-0.09265965096740764,42.21824158697982,33.2112,33.2112,2949.1162109375,True,0.0,737,0.0008132010206328864,0.0005855658919819356,1.84947625578015e-06,True,738
4.200000000000,504,held_throttle,0.0,0.15,0.0,1,-0.05168453976511955,168.0699005126953,0.41868770122528076,0.023230180144309998,38.6624870300293,0.0066298507153987885,1.0742465747171082e-05,asphalt,0.0,0.15,0.0,3651.10897874008,5,-0.5795287489891052,-4.8775982577353716e-05,627.9677713768688,160.0,-0.0,6019.222196938743,5752.777803061257,1.2364963595246081e-06,1.6819429616343852e-05,False,-0.0,True,0,0,-0.015664082020521164,38.66248321533203,0.081748366355896,False,True,-0.8921305537223816,169.1696014404297,7.450580596923828e-09,0.0,0.0,1.0,2936.8896484375,2936.8896484375,0.3388151228427887,0.06118488311767578,0.0,asphalt,True,0.7878692746162415,169.1702880859375,-2.60770320892334e-08,0.0,0.0,1.0,2936.904052734375,2936.904052734375,0.3388148248195648,0.06118518114089966,0.0,asphalt,True,-0.8912385702133179,166.9696044921875,-1.862645149230957e-08,0.0,0.0,1.0,2949.095458984375,2949.095458984375,0.338560551404953,0.061439454555511475,0.0,asphalt,True,0.7887611985206604,166.97030639648438,-1.4901161193847656e-08,0.0,0.0,1.0,2949.110107421875,2949.110107421875,0.3385602533817291,0.06143975257873535,0.0,asphalt,744,117.1905603480186,509.4772771650386,117.19044516095117,38.6624755859375,1.0153278708457947e-05,0.0002692359646111893,2.626132588403292e-07,7.63284050358894,-0.012377122140389264,0.0,0.0,-0.0,2936.890625,True,0.0,743,6.057655218908011e-06,0.0001274787882403272,2.480581943217143e-07,True,744,117.19056993679305,509.4793692567591,117.19045474972563,38.662479400634766,1.0153278708457947e-05,0.0002692191154913459,2.626132329291591e-07,7.6611778208627035,0.004073461286998374,0.0,0.0,-0.0,2936.9052734375,True,0.0,743,6.142023409594861e-06,0.0001279514224981367,-8.163883727652105e-08,True,744,117.24388012163661,509.15176812657654,117.24376493456919,38.6624755859375,1.2867152690887451e-05,0.000724341982197625,3.3280726326710125e-07,35.10698384663863,-0.0159206130530479,42.22284881347104,33.2112,33.2112,2949.094482421875,True,0.0,743,0.0008074773364222612,0.0005839176262449686,3.1770200900187943e-07,True,744,117.24385642336095,509.1545751513985,117.24374123629353,38.662479400634766,1.2869015336036682e-05,0.0007240409696511628,3.328554075045927e-07,35.21318054199922,-0.09252061871264404,42.22284881347104,33.2112,33.2112,2949.108642578125,True,0.0,743,0.0008150257605220744,0.000585681192619128,1.846706176084576e-06,True,744
4.250000000000,510,held_throttle,0.0,0.15,0.0,1,-0.0524674728512764,170.00218200683594,0.41868770122528076,0.023233722895383835,38.633522033691406,0.006627390626817942,1.05460003396729e-05,asphalt,0.0,0.15,0.0,3648.372541046772,5,-0.5790709853172302,-4.884970257990062e-05,627.0272010437158,160.0,-0.0,6019.081501995047,5752.918498004953,1.2377332723190193e-06,1.675619226869432e-05,False,-0.0,True,0,0,-0.015654778108000755,38.63351821899414,0.08174832910299301,False,True,-0.8929135799407959,171.1018829345703,7.450580596923828e-09,0.0,0.0,1.0,2936.887939453125,2936.887939453125,0.3388151228427887,0.06118488311767578,0.0,asphalt,True,0.7870862483978271,171.10256958007812,0.0,0.0,0.0,1.0,2936.903564453125,2936.903564453125,0.33881476521492004,0.061185240745544434,0.0,asphalt,True,-0.8920214176177979,168.9019012451172,-3.725290298461914e-09,0.0,0.0,1.0,2949.096435546875,2949.096435546875,0.3385606110095978,0.0614393949508667,0.0,asphalt,True,0.7879784107208252,168.90257263183594,3.725290298461914e-09,0.0,0.0,1.0,2949.109375,2949.109375,0.3385603129863739,0.061439692974090576,0.0,asphalt,750,117.10274809783604,515.3343865248937,117.10263335215004,38.63351058959961,1.0170042514801025e-05,0.0002691001290751362,2.632440686748936e-07,7.624316568818316,-0.012420403680670024,0.0,0.0,-0.0,2936.888916015625,True,0.0,749,6.047430803862566e-06,0.0001273365005717305,2.489257701236759e-07,True,750,117.10275519887423,515.3364795315258,117.10264045318823,38.633514404296875,1.0171905159950256e-05,0.00026906201757472,2.632922558766408e-07,7.65141560215706,0.004022338392285611,0.0,0.0,-0.0,2936.905029296875,True,0.0,749,6.121291672083386e-06,0.00012778839121862807,-8.06142610073432e-08,True,750,117.15605285462958,515.0115468165463,117.15593810894357,38.63351058959961,1.2889504432678223e-05,0.0007244190859448076,3.3363533978575794e-07,35.11120335490735,-0.015974788182780333,42.22742810909356,33.2112,33.2112,2949.094970703125,True,0.0,749,0.0008091439062238532,0.0005839876902277399,3.187831226542958e-07,True,750,117.15602908253003,515.0143546995606,117.15591433684402,38.633514404296875,1.2889504432678223e-05,0.0007241172171208245,3.336353068423968e-07,35.21746499382293,-0.09264041810486719,42.22742810909356,33.2112,33.2112,2949.111083984375,True,0.0,749,0.0008166982986465026,0.0005857519482484271,1.849095883134869e-06,True,750
4.300000000000,516,held_throttle,0.0,0.15,0.0,1,-0.053249940276145935,171.93301391601562,0.41868770122528076,0.023237256333231926,38.60459899902344,0.0066262767650187016,1.0449580258864444e-05,asphalt,0.0,0.15,0.0,3645.6389312283145,5,-0.5781554579734802,-4.873762372881174e-05,626.0885728104357,160.0,-0.0,6018.930888879019,5753.069111120981,1.234233536706597e-06,1.668463210568254e-05,False,-0.0,True,0,0,-0.01564548723399639,38.60459518432617,0.08174832165241241,False,True,-0.893696129322052,173.03273010253906,-3.725290298461914e-09,0.0,0.0,1.0,2936.8857421875,2936.8857421875,0.3388150632381439,0.06118494272232056,0.0,asphalt,True,0.786303699016571,173.0334014892578,0.0,0.0,0.0,1.0,2936.900146484375,2936.900146484375,0.33881476521492004,0.061185240745544434,0.0,asphalt,True,-0.8928038477897644,170.83273315429688,-3.725290298461914e-09,0.0,0.0,1.0,2949.10009765625,2949.10009765625,0.3385606110095978,0.0614393949508667,0.0,asphalt,True,0.7871959805488586,170.83340454101562,3.725290298461914e-09,0.0,0.0,1.0,2949.11474609375,2949.11474609375,0.3385603129863739,0.061439692974090576,0.0,asphalt,756,117.01504445576124,521.1871081005893,117.01493057906468,38.60458755493164,1.0048970580101013e-05,0.0002688052412114914,2.6030508850280554e-07,7.612221081227889,-0.012262845408321408,0.0,0.0,-0.0,2936.886962890625,True,0.0,755,6.021797524630663e-06,0.00012713457344224716,2.457682030040367e-07,True,756,117.01505151362726,521.1892019965287,117.0149376369307,38.604591369628906,1.0047107934951782e-05,0.0002687667321420276,2.6025681346431345e-07,7.639314597751418,0.004168383769036005,0.0,0.0,-0.0,2936.9013671875,True,0.0,755,6.095427113394545e-06,0.000127586447597586,-8.354133711978171e-08,True,756,117.06833647276899,520.8669370680506,117.06822259607243,38.60458755493164,1.2759119272232056e-05,0.000724356426353083,3.3050785101838617e-07,35.11303236198465,-0.015806695271840594,42.23198741018656,33.2112,33.2112,2949.098876953125,True,0.0,755,0.0008105982052361213,0.0005840173165854069,3.1542755874927533e-07,True,756,117.06831271949544,520.8697458108869,117.06819884279888,38.604591369628906,1.2757256627082825e-05,0.0007240544923001837,3.3045956904283613e-07,35.21936461897789,-0.09253510802454577,42.23198741018656,33.2112,33.2112,2949.113525390625,True,0.0,755,0.0008182297047230545,0.0005857830365047708,1.846992552926562e-06,True,756
4.350000000000,522,held_throttle,0.0,0.15,0.0,1,-0.05403194576501846,173.86239624023438,0.41868770122528076,0.02324077859520912,38.575714111328125,0.006627887953072786,1.058530506270472e-05,asphalt,0.0,0.15,0.0,3642.9084732162705,5,-0.5772399306297302,-4.862534115090966e-05,625.1518838959132,160.0,-0.0,6018.77372057342,5753.22627942658,1.2310994179642876e-06,1.6619534141501345e-05,False,-0.0,True,0,0,-0.015636198222637177,38.57571029663086,0.08174829930067062,False,True,-0.8944782018661499,174.9621124267578,7.450580596923828e-09,0.0,0.0,1.0,2936.879150390625,2936.879150390625,0.3388151228427887,0.06118488311767578,0.0,asphalt,True,0.7855216264724731,174.96278381347656,0.0,0.0,0.0,1.0,2936.896484375,2936.896484375,0.33881476521492004,0.061185240745544434,0.0,asphalt,True,-0.8935858011245728,172.76211547851562,-3.725290298461914e-09,0.0,0.0,1.0,2949.10400390625,2949.10400390625,0.3385606110095978,0.0614393949508667,0.0,asphalt,True,0.7864140868186951,172.76280212402344,-1.4901161193847656e-08,0.0,0.0,1.0,2949.12158203125,2949.12158203125,0.3385602533817291,0.06143975257873535,0.0,asphalt,762,116.92745946385368,527.0354477856789,116.92734635081253,38.57570266723633,1.0028481483459473e-05,0.000268535765239197,2.599688609684557e-07,7.601635680415862,-0.012208297004350895,0.0,0.0,-0.0,2936.87841796875,True,0.0,761,6.003138890761199e-06,0.00012695815155067916,2.4467567165389663e-07,True,762,116.92746650186383,527.0375425703257,116.92735338882268,38.575706481933594,1.0030344128608704e-05,0.00026849705750232986,2.600171207053862e-07,7.6287481509423865,0.004210760680525916,0.0,0.0,-0.0,2936.896240234375,True,0.0,761,6.080924198243365e-06,0.0001274101960870193,-8.439078223121965e-08,True,762,116.9807385997984,526.7179447905631,116.98062548675725,38.57570266723633,1.2733042240142822e-05,0.0007243178676010857,3.300793338745057e-07,35.11633589944946,-0.01574765937247256,42.23653182175272,33.2112,33.2112,2949.1044921875,True,0.0,761,0.0008121725590164232,0.0005840711300311886,3.1424851546838366e-07,True,762,116.98071480954171,526.7207543926369,116.98060169650056,38.575706481933594,1.2733042240142822e-05,0.0007240153910922114,3.300793012334254e-07,35.22273116342421,-0.09254038803911586,42.23653182175272,33.2112,33.2112,2949.119384765625,True,0.0,761,0.0008197965137925051,0.0005858378460512393,1.847094391080006e-06,True,762
4.400000000000,528,held_throttle,0.0,0.15,0.0,1,-0.054813485592603683,175.79034423828125,0.41868770122528076,0.02324429526925087,38.54686737060547,0.006632053293287754,1.0445915904711e-05,asphalt,0.0,0.15,0.0,3640.1813726527485,5,-0.5767821669578552,-4.847503441851586e-05,624.2172550555842,160.0,-0.0,6018.606447308372,5753.393552691628,1.2281717545192805e-06,1.6542164768632086e-05,False,-0.0,True,0,0,-0.015626922249794006,38.5468635559082,0.08174832165241241,False,True,-0.8952597975730896,176.89004516601562,2.60770320892334e-08,0.0,0.0,1.0,2936.87158203125,2936.87158203125,0.33881518244743347,0.061184823513031006,0.0,asphalt,True,0.7847400903701782,176.89073181152344,-1.1175870895385742e-08,0.0,0.0,1.0,2936.886474609375,2936.886474609375,0.3388148844242096,0.06118512153625488,0.0,asphalt,True,-0.8943672776222229,174.6900634765625,7.450580596923828e-09,0.0,0.0,1.0,2949.11376953125,2949.11376953125,0.3385604918003082,0.06143951416015625,0.0,asphalt,True,0.7856325507164001,174.69073486328125,1.4901161193847656e-08,0.0,0.0,1.0,2949.128662109375,2949.128662109375,0.33856019377708435,0.06143981218338013,0.0,asphalt,768,116.83999614160923,532.8794115204277,116.83988323815932,38.54685592651367,9.927898645401001e-06,0.0002683176090184285,2.5755404446804905e-07,7.588244920519569,-0.012121570104996425,0.0,0.0,-0.0,2936.873779296875,True,0.0,767,5.97676810991809e-06,0.00012673470634823515,2.4293789572483766e-07,True,768,116.84000319225892,532.8815071935078,116.839890288809,38.54685974121094,9.92603600025177e-06,0.00026827898054307186,2.5750569740028653e-07,7.615367863528585,0.0042807937390779245,0.0,0.0,-0.0,2936.88525390625,True,0.0,767,6.053101146993298e-06,0.00012718720277234277,-8.579467517237406e-08,True,768,116.89326225638614,532.5645759177381,116.89314935293622,38.54685592651367,1.2625008821487427e-05,0.0007243293239526572,3.2752369857493667e-07,35.11680129470352,-0.01565540097191256,42.2410645645322,33.2112,33.2112,2949.115966796875,True,0.0,767,0.000813579505900125,0.0005840765753511867,3.124057723063895e-07,True,768,116.8932384997485,532.5673863788477,116.89312559629859,38.54685974121094,1.2623146176338196e-05,0.0007240269088957732,3.2747534458279564e-07,35.22324354450253,-0.09250718763549398,42.2410645645322,33.2112,33.2112,2949.126708984375,True,0.0,767,0.0008212390909955211,0.0005858448899893905,1.8464272484464183e-06,True,768
4.450000000000,534,held_throttle,0.0,0.15,0.0,1,-0.055594559758901596,177.7168426513672,0.41868770122528076,0.02324780263006687,38.518062591552734,0.006635366939008236,1.0401896361145191e-05,asphalt,0.0,0.15,0.0,3637.4577525920354,5,-0.5758666396141052,-4.847416130360216e-05,623.284559798121,160.0,-0.0,6018.436500284621,5753.563499715379,1.2259644108780776e-06,1.647689033570686e-05,False,-0.0,True,0,0,-0.015617650002241135,38.51805877685547,0.081748366355896,False,True,-0.8960409164428711,178.81655883789062,0.0,0.0,0.0,1.0,2936.870849609375,2936.870849609375,0.33881524205207825,0.06118476390838623,0.0,asphalt,True,0.783958911895752,178.81723022460938,-1.1175870895385742e-08,0.0,0.0,1.0,2936.886474609375,2936.886474609375,0.3388148844242096,0.06118512153625488,0.0,asphalt,True,-0.8951482772827148,176.61656188964844,-1.1175870895385742e-08,0.0,0.0,1.0,2949.11669921875,2949.11669921875,0.33856043219566345,0.061439573764801025,0.0,asphalt,True,0.784851610660553,176.61724853515625,4.0978193283081055e-08,0.0,0.0,1.0,2949.132080078125,2949.132080078125,0.3385600745677948,0.06143993139266968,0.0,asphalt,774,116.75264935007667,538.7190051784586,116.75253660019311,38.51805114746094,9.980984032154083e-06,0.00026800779782040974,2.591248449705585e-07,7.575305851183724,-0.01219846425678149,0.0,0.0,-0.0,2936.870361328125,True,0.0,773,5.955899726002221e-06,0.0001265187516999877,2.444792704694697e-07,True,774,116.75265637312467,538.7211017400057,116.75254362324111,38.5180549621582,9.981915354728699e-06,0.00026796890401346293,2.591489981655392e-07,7.602446876767163,0.00419011562505055,0.0,0.0,-0.0,2936.88671875,True,0.0,773,6.027899235706227e-06,0.0001269713404624266,-8.397728979753515e-08,True,774,116.80590266316248,538.4068363247751,116.80578991327893,38.51805114746094,1.2672506272792816e-05,0.0007242508525647845,3.2900175100441743e-07,35.11765732260178,-0.0157275694662293,42.2455876763578,33.2112,33.2112,2949.113525390625,True,0.0,773,0.0008150153949967256,0.00058409127433114,3.1384633995886234e-07,True,774,116.80587873931617,538.40964764439,116.80576598943262,38.5180549621582,1.2673437595367432e-05,0.0007239467788165275,3.290258972790268e-07,35.224194722849205,-0.09263575990049447,42.2455876763578,33.2112,33.2112,2949.1328125,True,0.0,773,0.0008226367630591936,0.0005858594761348545,1.848989711795918e-06,True,774
4.500000000000,540,held_throttle,0.0,0.15,0.0,1,-0.0563751719892025,179.64190673828125,0.41868770122528076,0.023251304402947426,38.48929214477539,0.006638676393777132,1.0146379281650297e-05,asphalt,0.0,0.15,0.0,3634.737706023769,5,-0.5749511122703552,-4.757902934215963e-05,622.3536720054192,160.0,-0.0,6018.270839573354,5753.729160426646,1.2234896757945535e-06,1.640017833242118e-05,False,-0.0,True,0,0,-0.015608381479978561,38.489288330078125,0.08174839615821838,False,True,-0.8968215584754944,180.74160766601562,1.1175870895385742e-08,0.0,0.0,1.0,2936.868896484375,2936.868896484375,0.338815301656723,0.061184704303741455,0.0,asphalt,True,0.7831782698631287,180.74229431152344,-2.2351741790771484e-08,0.0,0.0,1.0,2936.8837890625,2936.8837890625,0.33881500363349915,0.06118500232696533,0.0,asphalt,True,-0.8959288001060486,178.5416259765625,-2.2351741790771484e-08,0.0,0.0,1.0,2949.115478515625,2949.115478515625,0.3385603725910187,0.0614396333694458,0.0,asphalt,True,0.7840710282325745,178.5423126220703,2.2351741790771484e-08,0.0,0.0,1.0,2949.13037109375,2949.13037109375,0.3385600745677948,0.06143993139266968,0.0,asphalt,780,116.6654143405353,544.554234703499,116.6653009546603,38.489280700683594,9.821727871894836e-06,0.0002677636865497276,2.5518086316744766e-07,7.566299292337907,-0.012010802665063202,0.0,0.0,-0.0,2936.8720703125,True,0.0,779,5.941524325688866e-06,0.00012636825492919117,2.407180569699866e-07,True,780,116.66542138702034,544.556332154125,116.66530800114533,38.48928451538086,9.822659194469452e-06,0.0002677249646389655,2.55205034807648e-07,7.593460751906062,0.004369008966319325,0.0,0.0,-0.0,2936.883544921875,True,0.0,779,6.013575185926564e-06,0.0001268213963880893,-8.756270313251887e-08,True,780,116.71865469158782,544.2447319545107,116.7185413057128,38.489280700683594,1.2507662177085876e-05,0.0007242366454484656,3.2496482005867395e-07,35.12242204516293,-0.01553553927486639,42.25010244467745,33.2112,33.2112,2949.115966796875,True,0.0,779,0.0008167134094914414,0.0005841700195793989,3.100131736297062e-07,True,780,116.7186308459409,544.2475441325506,116.71851746006588,38.48928451538086,1.2508593499660492e-05,0.0007239330148758464,3.249889847825423e-07,35.229016871597324,-0.0925093575333448,42.25010244467745,33.2112,33.2112,2949.130126953125,True,0.0,779,0.0008243729627235614,0.0005859401927744411,1.8464686534680204e-06,True,780
4.550000000000,546,held_throttle,0.0,0.15,0.0,1,-0.05715532228350639,181.56553649902344,0.41868770122528076,0.023254798725247383,38.4605598449707,0.00664142332971096,1.0215139809588436e-05,asphalt,0.0,0.15,0.0,3632.021163524576,5,-0.5744933485984802,-4.776356217917055e-05,621.4248357001925,160.0,-0.0,6018.097481233743,5753.902518766257,1.2216524964969722e-06,1.635959717572078e-05,False,-0.0,True,0,0,-0.015599104575812817,38.46055603027344,0.08174841105937958,False,True,-0.8976017832756042,182.66525268554688,2.9802322387695312e-08,0.0,0.0,1.0,2936.8701171875,2936.8701171875,0.338815301656723,0.061184704303741455,0.0,asphalt,True,0.7823980450630188,182.6659393310547,-2.2351741790771484e-08,0.0,0.0,1.0,2936.884033203125,2936.884033203125,0.33881500363349915,0.06118500232696533,0.0,asphalt,True,-0.8967089056968689,180.46524047851562,3.725290298461914e-09,0.0,0.0,1.0,2949.118408203125,2949.118408203125,0.3385603129863739,0.061439692974090576,0.0,asphalt,True,0.7832909822463989,180.4659423828125,1.1175870895385742e-08,0.0,0.0,1.0,2949.13232421875,2949.13232421875,0.33856001496315,0.06143999099731445,0.0,asphalt,786,116.57829801496385,550.3851056021408,116.57818471660406,38.460548400878906,9.817071259021759e-06,0.0002675454325797369,2.552504232830233e-07,7.552939218471371,-0.01202791604332958,0.0,0.0,-0.0,2936.868896484375,True,0.0,785,5.911168212942819e-06,0.0001261452579766633,2.4106129638116843e-07,True,786,116.57830503608886,550.3872039415344,116.57819173772907,38.46055221557617,9.817071259021759e-06,0.00026750646416848797,2.552503979660937e-07,7.580115160707274,0.004335988633786757,0.0,0.0,-0.0,2936.88330078125,True,0.0,785,5.987247927896122e-06,0.00012659851631326591,-8.690092480549156e-08,True,786,116.6315254894585,550.0782683164521,116.6314121910987,38.460548400878906,1.2500211596488953e-05,0.0007242489200117924,3.250138678782556e-07,35.122841114409624,-0.015549608355312591,42.25460972509426,33.2112,33.2112,2949.11669921875,True,0.0,785,0.0008180831860989531,0.0005841768225578549,3.1029378928729345e-07,True,786,116.63150155877842,550.0810813532322,116.63138826041863,38.46055221557617,1.2500211596488953e-05,0.0007239443330050945,3.250138356418617e-07,35.22950635688047,-0.09258365318428893,42.25460972509426,33.2112,33.2112,2949.1337890625,True,0.0,785,0.0008257669848017747,0.0005859475840554717,1.8479493308647132e-06,True,786
4.600000000000,552,held_throttle,0.0,0.15,0.0,1,-0.05793500691652298,183.48773193359375,0.41868770122528076,0.023258289322257042,38.43186950683594,0.006643144879490137,1.0433794159325771e-05,asphalt,0.0,0.15,0.0,3629.3081909311372,5,-0.5735778212547302,-4.742693272419274e-05,620.4979246794679,160.0,-0.0,6017.92317406354,5754.07682593646,1.2198062222523731e-06,1.6321689945667308e-05,False,-0.0,True,0,0,-0.01558983325958252,38.43186569213867,0.08174844086170197,False,True,-0.8983814716339111,184.58743286132812,2.9802322387695312e-08,0.0,0.0,1.0,2936.8720703125,2936.8720703125,0.338815301656723,0.061184704303741455,0.0,asphalt,True,0.7816182971000671,184.58811950683594,-3.725290298461914e-09,0.0,0.0,1.0,2936.884765625,2936.884765625,0.3388150632381439,0.06118494272232056,0.0,asphalt,True,-0.897488534450531,182.387451171875,3.725290298461914e-09,0.0,0.0,1.0,2949.114501953125,2949.114501953125,0.3385603129863739,0.061439692974090576,0.0,asphalt,True,0.7825113534927368,182.38812255859375,1.1175870895385742e-08,0.0,0.0,1.0,2949.1298828125,2949.1298828125,0.33856001496315,0.06143999099731445,0.0,asphalt,792,116.49129814631043,556.2116237679,116.49118400051258,38.43185806274414,9.72021371126175e-06,0.0002672346864295015,2.5292073298647826e-07,7.540004726780548,-0.011908223742205761,0.0,0.0,-0.0,2936.871337890625,True,0.0,791,5.888914908523481e-06,0.00012592912752826718,2.3866224744756045e-07,True,792,116.49130517348263,556.213722996462,116.49119102768478,38.431861877441406,9.721145033836365e-06,0.0002671957408831867,2.5294494096686584e-07,7.567199397881554,0.0044406381303975775,0.0,0.0,-0.0,2936.8837890625,True,0.0,791,5.955201645850042e-06,0.0001263827835512067,-8.899826005556711e-08,True,792,116.54451275413582,555.9074513023256,116.54439860833797,38.43185806274414,1.2398697435855865e-05,0.0007241686330971889,3.226150922917447e-07,35.123646334073065,-0.015426007346926897,42.259110070363086,33.2112,33.2112,2949.115234375,True,0.0,791,0.0008195341080937477,0.000584190482752402,3.078268468828631e-07,True,792,116.54448883286882,555.9102651980616,116.54437468707097,38.431861877441406,1.2399628758430481e-05,0.0007238638995430805,3.226392933543597e-07,35.23037443859036,-0.09251696568771503,42.259110070363086,33.2112,33.2112,2949.130615234375,True,0.0,791,0.0008271968319605533,0.0005859626306479066,1.846620396242458e-06,True,792
4.650000000000,558,held_throttle,0.0,0.15,0.0,1,-0.05871422961354256,185.40847778320312,0.41868770122528076,0.023261774331331253,38.40321731567383,0.006644462700933218,1.0953090168186463e-05,asphalt,0.0,0.15,0.0,3626.5988474372566,5,-0.5726622939109802,-4.709011409431696e-05,619.5729361844994,160.0,-0.0,6017.748721967577,5754.251278032423,1.2182000546090421e-06,1.6286147982028517e-05,False,-0.0,True,0,0,-0.01558056753128767,38.40321350097656,0.08174842596054077,False,True,-0.8991608023643494,186.5081787109375,3.725290298461914e-09,0.0,0.0,1.0,2936.863525390625,2936.863525390625,0.3388154208660126,0.061184585094451904,0.0,asphalt,True,0.7808389663696289,186.5088653564453,7.450580596923828e-09,0.0,0.0,1.0,2936.880126953125,2936.880126953125,0.3388151228427887,0.06118488311767578,0.0,asphalt,True,-0.8982676267623901,184.30819702148438,-1.4901161193847656e-08,0.0,0.0,1.0,2949.118896484375,2949.118896484375,0.3385602533817291,0.06143975257873535,0.0,asphalt,True,0.7817322015762329,184.3088836669922,-7.450580596923828e-09,0.0,0.0,1.0,2949.13525390625,2949.13525390625,0.33855995535850525,0.06144005060195923,0.0,asphalt,798,116.404415666388,562.0337951771327,116.40430198906724,38.40320587158203,9.671784937381744e-06,0.0002669386082060688,2.518483735374436e-07,7.5279480935004095,-0.011821621804017727,0.0,0.0,-0.0,2936.86962890625,True,0.0,797,5.862140936124684e-06,0.00012572783677469073,2.3692672644124368e-07,True,798,116.40442269435724,562.035895294977,116.40430901703647,38.4032096862793,9.67271625995636e-06,0.00026689964048129053,2.5187259968564617e-07,7.555158663967196,0.004513758082622835,0.0,0.0,-0.0,2936.880126953125,True,0.0,797,5.94364125801612e-06,0.00012618184311108502,-9.04638176124744e-08,True,798,116.45761729871059,561.7322868916192,116.45750362138982,38.40320587158203,1.2347474694252014e-05,0.0007241019691286556,3.215219775021072e-07,35.12534730666574,-0.015336100851279183,42.26360381374709,33.2112,33.2112,2949.119384765625,True,0.0,797,0.0008209994781470526,0.0005842179303468337,3.060318323708986e-07,True,798,116.45759333985849,561.7351016456739,116.45747966253772,38.4032096862793,1.2347474694252014e-05,0.0007237966852529803,3.21521945564438e-07,35.232140750272585,-0.09248927971159633,42.26360381374709,33.2112,33.2112,2949.13525390625,True,0.0,797,0.0008287195662680166,0.0005859910644958334,1.8460650145112104e-06,True,798
4.700000000000,564,held_throttle,0.0,0.15,0.0,1,-0.059492986649274826,187.3278045654297,0.41868770122528076,0.023265255615115166,38.374603271484375,0.006646222434937954,1.1170738616783638e-05,asphalt,0.0,0.15,0.0,3623.893162257418,5,-0.5717467665672302,-4.742370219901204e-05,618.6498674602077,160.0,-0.0,6017.574731528812,5754.425268471188,1.2167639624749427e-06,1.624299846785488e-05,False,-0.0,True,0,0,-0.015571321360766888,38.37459945678711,0.08174833655357361,False,True,-0.8999397158622742,188.42750549316406,1.862645149230957e-08,0.0,0.0,1.0,2936.86376953125,2936.86376953125,0.33881548047065735,0.06118452548980713,0.0,asphalt,True,0.7800601124763489,188.42820739746094,7.450580596923828e-09,0.0,0.0,1.0,2936.88037109375,2936.88037109375,0.3388151228427887,0.06118488311767578,0.0,asphalt,True,-0.8990463018417358,186.22750854492188,-1.4901161193847656e-08,0.0,0.0,1.0,2949.11962890625,2949.11962890625,0.3385602533817291,0.06143975257873535,0.0,asphalt,True,0.7809534668922424,186.22821044921875,1.862645149230957e-08,0.0,0.0,1.0,2949.136474609375,2949.136474609375,0.3385598957538605,0.061440110206604004,0.0,asphalt,804,116.3176521914324,567.8516258055548,116.31753828953192,38.37459182739258,9.767711162567139e-06,0.00026667113037055084,2.545358972546656e-07,7.517597764685979,-0.011944679972990249,0.0,0.0,-0.0,2936.86376953125,True,0.0,803,5.84561979313676e-06,0.00012555522100249898,2.3939350626993107e-07,True,804,116.31765917692742,567.8537268116279,116.31754527502694,38.374595642089844,9.767711162567139e-06,0.0002666317683613883,2.5453587195205657e-07,7.544822793156692,0.004379532315680248,0.0,0.0,-0.0,2936.880859375,True,0.0,803,5.918580767671761e-06,0.00012600918763999957,-8.777368037800138e-08,True,804,116.3708407792871,567.5527810484756,116.37072687738662,38.37459182739258,1.2438744306564331e-05,0.0007240632003889433,3.2414010714466704e-07,35.128679757465314,-0.01545959341260816,42.268091150623334,33.2112,33.2112,2949.119384765625,True,0.0,803,0.0008225907007027986,0.0005842733362748848,3.084965103007834e-07,True,804,116.37081678609492,567.5555966605585,116.37070288419444,38.374595642089844,1.2438744306564331e-05,0.0007237573935767576,3.241400749229235e-07,35.235549816219134,-0.09267725149759375,42.268091150623334,33.2112,33.2112,2949.136474609375,True,0.0,803,0.0008303240171219778,0.0005860475017711416,1.8498161144617296e-06,True,804
4.750000000000,570,held_throttle,0.0,0.15,0.0,1,-0.060271285474300385,189.24569702148438,0.41868770122528076,0.02326873131096363,38.34602737426758,0.0066471705213189125,1.0608524462440982e-05,asphalt,0.0,0.15,0.0,3621.1911413790617,5,-0.5712890028953552,-4.7607769374735653e-05,617.7288386443574,160.0,-0.0,6017.395678730941,5754.604321269059,1.2153024044891936e-06,1.618811258577157e-05,False,-0.0,True,0,0,-0.015562093816697598,38.34602355957031,0.08174831420183182,False,True,-0.9007180333137512,190.3454132080078,1.862645149230957e-08,0.0,0.0,1.0,2936.8642578125,2936.8642578125,0.33881548047065735,0.06118452548980713,0.0,asphalt,True,0.7792818546295166,190.34609985351562,7.450580596923828e-09,0.0,0.0,1.0,2936.879150390625,2936.879150390625,0.3388151228427887,0.06118488311767578,0.0,asphalt,True,-0.8998245596885681,188.14541625976562,-1.4901161193847656e-08,0.0,0.0,1.0,2949.12109375,2949.12109375,0.3385602533817291,0.06143975257873535,0.0,asphalt,True,0.7801752686500549,188.14608764648438,1.862645149230957e-08,0.0,0.0,1.0,2949.13623046875,2949.13623046875,0.3385598957538605,0.061440110206604004,0.0,asphalt,810,116.23101072967926,573.665121571207,116.23089709129214,38.34601593017578,9.775161743164062e-06,0.0002664582061662276,2.5491987905506095e-07,7.50461091247666,-0.011997387393228838,0.0,0.0,-0.0,2936.86474609375,True,0.0,809,5.824716802611287e-06,0.00012533827866959837,2.4044977566446743e-07,True,810,116.2310177214914,573.6672234654237,116.23090408310428,38.34601974487305,9.777024388313293e-06,0.00026641886920951506,2.5496842836264104e-07,7.531853295194182,0.004310230329928442,0.0,0.0,-0.0,2936.879638671875,True,0.0,809,5.897557585052074e-06,0.00012579263036701177,-8.638478414114708e-08,True,810,116.28418636406225,573.3689396970465,116.28407272567513,38.34601593017578,1.2444332242012024e-05,0.0007240796544632477,3.2452738414002275e-07,35.129399335483605,-0.015510444823261008,42.27257220256186,33.2112,33.2112,2949.12060546875,True,0.0,809,0.0008240085929342289,0.0005842850403713829,3.0951121655643806e-07,True,810,116.28416235815527,573.3717561668774,116.28404871976815,38.34601974487305,1.244526356458664e-05,0.0007237735103368701,3.2455163918936236e-07,35.2363219774499,-0.09278711905777622,42.27257220256186,33.2112,33.2112,2949.135986328125,True,0.0,809,0.0008317587679445161,0.0005860604191066628,1.8520093744388826e-06,True,810
4.800000000000,576,held_throttle,0.0,0.15,0.0,1,-0.061049122363328934,191.1621551513672,0.41868770122528076,0.023272203281521797,38.31748962402344,0.0066505009308457375,1.0182813639403321e-05,asphalt,0.0,0.15,0.0,3618.492735319448,5,-0.5703734755516052,-4.682349390350282e-05,616.8096011193808,160.0,-0.0,6017.222118952999,5754.777881047001,1.2137808198531275e-06,1.6122783744209796e-05,False,-0.0,True,0,0,-0.015552871860563755,38.31748580932617,0.081748366355896,False,True,-0.9014959335327148,192.26187133789062,1.862645149230957e-08,0.0,0.0,1.0,2936.8583984375,2936.8583984375,0.33881548047065735,0.06118452548980713,0.0,asphalt,True,0.7785038948059082,192.26254272460938,0.0,0.0,0.0,1.0,2936.8701171875,2936.8701171875,0.33881524205207825,0.06118476390838623,0.0,asphalt,True,-0.9006023406982422,190.06187438964844,4.0978193283081055e-08,0.0,0.0,1.0,2949.1328125,2949.1328125,0.3385600745677948,0.06143993139266968,0.0,asphalt,True,0.7793974876403809,190.06256103515625,7.450580596923828e-09,0.0,0.0,1.0,2949.144775390625,2949.144775390625,0.3385598361492157,0.06144016981124878,0.0,asphalt,816,116.14447545066032,579.4742880979801,116.14436244293138,38.31747817993164,9.56747680902481e-06,0.0002661636222086218,2.4968962633964446e-07,7.492676929682467,-0.011784494772820201,0.0,0.0,-0.0,2936.8583984375,True,0.0,815,5.8025075587194076e-06,0.00012513923316650135,2.361835292882265e-07,True,816,116.14448245483676,579.4763908810496,116.14436944710782,38.317481994628906,9.569339454174042e-06,0.00026612436246878135,2.4973821232603985e-07,7.519935540812938,0.00451101263260411,0.0,0.0,-0.0,2936.868896484375,True,0.0,815,5.875277162766238e-06,0.00012559404581849549,-9.040913360264216e-08,True,816,116.19763778812207,579.180768452619,116.19752478039312,38.31747817993164,1.223292201757431e-05,0.0007240113772198694,3.192517513843266e-07,35.13116269464566,-0.01529374922504496,42.27704705438186,33.2112,33.2112,2949.13427734375,True,0.0,815,0.0008255239395878805,0.0005843116380454446,3.0518461440046367e-07,True,816,116.1976138808968,579.1835857830465,116.19750087316785,38.317481994628906,1.2233853340148926e-05,0.0007237058549652037,3.192760250233398e-07,35.238121861479556,-0.09263169236350924,42.27704705438186,33.2112,33.2112,2949.141845703125,True,0.0,815,0.0008333097620867108,0.000586089168109681,1.8489036381068882e-06,True,816
4.850000000000,582,held_throttle,0.0,0.15,0.0,1,-0.061826497316360474,193.0771942138672,0.41868770122528076,0.023275675252079964,38.28899002075195,0.0066544050350785255,1.0496661161596421e-05,asphalt,0.0,0.15,0.0,3615.7979283708264,5,-0.5694579482078552,-4.682139842770994e-05,615.8922751219678,160.0,-0.0,6017.048767888035,5754.951232111965,1.2128922435294953e-06,1.6110720335373008e-05,False,-0.0,True,0,0,-0.015543632209300995,38.28898620605469,0.0817483440041542,False,True,-0.9022733569145203,194.17691040039062,-3.3527612686157227e-08,0.0,0.0,1.0,2936.849609375,2936.849609375,0.3388156592845917,0.0611843466758728,0.0,asphalt,True,0.7777264714241028,194.17758178710938,1.1175870895385742e-08,0.0,0.0,1.0,2936.866455078125,2936.866455078125,0.338815301656723,0.061184704303741455,0.0,asphalt,True,-0.9013796448707581,191.97689819335938,2.2351741790771484e-08,0.0,0.0,1.0,2949.133544921875,2949.133544921875,0.3385600745677948,0.06143993139266968,0.0,asphalt,True,0.778620183467865,191.97760009765625,-1.1175870895385742e-08,0.0,0.0,1.0,2949.147705078125,2949.147705078125,0.3385597765445709,0.061440229415893555,0.0,asphalt,822,116.05805894245202,585.2791311964579,116.0579457427906,38.288978576660156,9.641982614994049e-06,0.0002658956892419432,2.518213588719579e-07,7.4823379572229,-0.011825790699011901,0.0,0.0,-0.0,2936.849609375,True,0.0,821,5.784635718859723e-06,0.00012496692992394377,2.3701188314639708e-07,True,822,116.05806589331253,585.2812348678431,116.0579526936511,38.28898239135742,9.641982614994049e-06,0.00026585594079446616,2.5182133378321987e-07,7.509613800933511,0.004458497426719754,0.0,0.0,-0.0,2936.869873046875,True,0.0,821,5.8560115929173215e-06,0.00012542161532834388,-8.935660373990545e-08,True,822,116.11120815592662,584.988273120322,116.11109495626519,38.288978576660156,1.2305565178394318e-05,0.0007239711223982614,3.2138661400320056e-07,35.134435093814695,-0.015336388492967132,42.281515798326055,33.2112,33.2112,2949.1328125,True,0.0,821,0.000827110652810595,0.0005843663351498211,3.060356764302005e-07,True,822,116.11118413301324,584.9910913126273,116.11107093335181,38.28898239135742,1.2305565178394318e-05,0.0007236643756613308,3.21386581983738e-07,35.241495201070904,-0.09273891285722767,42.281515798326055,33.2112,33.2112,2949.147216796875,True,0.0,821,0.0008349380895031289,0.0005861441855900358,1.8510404076169774e-06,True,822
4.900000000000,588,held_throttle,0.0,0.15,0.0,1,-0.0626034066081047,194.99081420898438,0.41868770122528076,0.023279141634702682,38.260528564453125,0.006656472571194172,1.0258435395371635e-05,asphalt,0.0,0.15,0.0,3613.106743938085,5,-0.5690001845359802,-4.689337220042944e-05,614.9769805268562,160.0,-0.0,6016.870173221512,5755.129826778488,1.2116180414523114e-06,1.6074142683996948e-05,False,-0.0,True,0,0,-0.015534418635070324,38.26052474975586,0.08174829185009003,False,True,-0.9030503630638123,196.0905303955078,-3.3527612686157227e-08,0.0,0.0,1.0,2936.85498046875,2936.85498046875,0.3388156592845917,0.0611843466758728,0.0,asphalt,True,0.7769494652748108,196.09120178222656,2.9802322387695312e-08,0.0,0.0,1.0,2936.871826171875,2936.871826171875,0.338815301656723,0.061184704303741455,0.0,asphalt,True,-0.9021564722061157,193.89051818847656,1.1175870895385742e-08,0.0,0.0,1.0,2949.1318359375,2949.1318359375,0.33856001496315,0.06143999099731445,0.0,asphalt,True,0.7778432965278625,193.89122009277344,-1.1175870895385742e-08,0.0,0.0,1.0,2949.142822265625,2949.142822265625,0.3385597765445709,0.061440229415893555,0.0,asphalt,828,115.97176442253067,591.0796567632093,115.97165042101506,38.26051712036133,9.587965905666351e-06,0.0002656822186122965,2.5059687184843787e-07,7.469366069937362,-0.011798155678684592,0.0,0.0,-0.0,2936.8564453125,True,0.0,827,5.755508376561142e-06,0.00012474998793616943,2.3645747082270526e-07,True,828,115.9717713869743,591.0817613223289,115.97165738545868,38.260520935058594,9.588897228240967e-06,0.00026564255777329865,2.5062118847039374e-07,7.496658539690753,0.004469739039620461,0.0,0.0,-0.0,2936.87255859375,True,0.0,827,5.835090262167176e-06,0.00012520512825358495,-8.958182137959304e-08,True,828,116.02490065690102,590.7914596063255,116.02478665538541,38.26051712036133,1.2247823178768158e-05,0.0007239864617844127,3.2011650914801e-07,35.135080520520425,-0.015306412507337308,42.28597847985027,33.2112,33.2112,2949.130615234375,True,0.0,827,0.0008285482493552464,0.0005843774827246651,3.054374928227959e-07,True,828,116.02487667362783,590.7942786597524,116.02476267211222,38.260520935058594,1.2249685823917389e-05,0.0007236798287609841,3.2016516044590573e-07,35.24219930780444,-0.09276860108198975,42.28597847985027,33.2112,33.2112,2949.1416015625,True,0.0,827,0.0008363536486345342,0.0005861569902869825,1.8516365807297124e-06,True,828
4.950000000000,594,held_throttle,0.0,0.15,0.0,1,-0.06337986141443253,196.90301513671875,0.41868770122528076,0.023282602429389954,38.23210525512695,0.0066577838733792305,1.0032508725998923e-05,asphalt,0.0,0.15,0.0,3610.419142317126,5,-0.5680846571922302,-4.677924152929336e-05,614.0634692759031,160.0,-0.0,6016.696941709025,5755.303058290975,1.2106457916161162e-06,1.6047225394609543e-05,False,-0.0,True,0,0,-0.015525205992162228,38.23210144042969,0.08174838870763779,False,True,-0.903826892375946,198.00271606445312,-1.862645149230957e-08,0.0,0.0,1.0,2936.855712890625,2936.855712890625,0.3388156592845917,0.0611843466758728,0.0,asphalt,True,0.776172935962677,198.00341796875,2.9802322387695312e-08,0.0,0.0,1.0,2936.8720703125,2936.8720703125,0.338815301656723,0.061184704303741455,0.0,asphalt,True,-0.9029329419136047,195.802734375,1.1175870895385742e-08,0.0,0.0,1.0,2949.13037109375,2949.13037109375,0.33856001496315,0.06143999099731445,0.0,asphalt,True,0.7770668864250183,195.8034210205078,1.4901161193847656e-08,0.0,0.0,1.0,2949.143798828125,2949.143798828125,0.33855971693992615,0.06144028902053833,0.0,asphalt,834,115.88557605804522,596.8758703820549,115.88546209002811,38.232093811035156,9.59634780883789e-06,0.000265386671468197,2.5100241321514645e-07,7.457433284324819,-0.011804758671508415,0.0,0.0,-0.0,2936.854736328125,True,0.0,833,5.733368824726535e-06,0.00012455076387810296,2.3658994192004129e-07,True,834,115.88558301622217,596.8779758290709,115.88546904820507,38.23209762573242,9.597279131412506e-06,0.0002653469270821696,2.510267478746125e-07,7.484742497322975,0.004449530743028378,0.0,0.0,-0.0,2936.870849609375,True,0.0,833,5.812862919880626e-06,0.00012500618518477638,-8.917686136281528e-08,True,834,115.93869921221344,596.590333495551,115.93858524419633,38.232093811035156,1.2254342436790466e-05,0.0007239187351880838,3.2052501485683745e-07,35.13677474750054,-0.015312949310021747,42.29043512928459,33.2112,33.2112,2949.1318359375,True,0.0,833,0.0008300247707389362,0.0005844053981219583,3.0556771061510295e-07,True,834,115.93867515926725,596.5931534106873,115.93856119125014,38.23209762573242,1.2256205081939697e-05,0.000723611272826173,3.205737022833437e-07,35.24396584991037,-0.09283607201892177,42.29043512928459,33.2112,33.2112,2949.145263671875,True,0.0,833,0.000837868931009338,0.0005861856218046792,1.8529810434529518e-06,True,834
5.000000000000,600,held_throttle,0.0,0.15,0.0,1,-0.06415585428476334,198.81378173828125,0.41868770122528076,0.023286065086722374,38.20372009277344,0.006659455131739378,9.66617608355591e-06,asphalt,0.0,0.15,0.0,3607.7351339121833,5,-0.5671691298484802,-4.677675315178931e-05,613.151861342405,160.0,-0.0,6016.523825856539,5755.476174143461,1.2096671753170085e-06,1.601131617440898e-05,False,-0.0,True,0,0,-0.015516011975705624,38.20371627807617,0.08174841850996017,False,True,-0.9046028852462769,199.91348266601562,-3.725290298461914e-09,0.0,0.0,1.0,2936.852294921875,2936.852294921875,0.33881571888923645,0.06118428707122803,0.0,asphalt,True,0.7753969430923462,199.91416931152344,2.9802322387695312e-08,0.0,0.0,1.0,2936.870849609375,2936.870849609375,0.338815301656723,0.061184704303741455,0.0,asphalt,True,-0.903708815574646,197.7135009765625,-7.450580596923828e-09,0.0,0.0,1.0,2949.134521484375,2949.134521484375,0.33855995535850525,0.06144005060195923,0.0,asphalt,True,0.776291012763977,197.7141876220703,-3.725290298461914e-09,0.0,0.0,1.0,2949.14697265625,2949.14697265625,0.33855965733528137,0.061440348625183105,0.0,asphalt,840,115.79950645845112,602.667777914625,115.79939236001248,38.20370864868164,9.603798389434814e-06,0.0002651177847776379,2.513839291821221e-07,7.447096045996539,-0.011809242515176482,0.0,0.0,-0.0,2936.850830078125,True,0.0,839,5.715525858555701e-06,0.00012437828083847964,2.3668011896999365e-07,True,840,115.79951340251436,602.6698842495725,115.79939930407572,38.203712463378906,9.60472971200943e-06,0.0002650778889759491,2.514082818840204e-07,7.474425365876083,0.004433749519093174,0.0,0.0,-0.0,2936.869873046875,True,0.0,839,5.7838816503287826e-06,0.0001248339151634031,-8.886060551314542e-08,True,840,115.85261650160967,602.3849006467575,115.85250240317103,38.20370864868164,1.225993037223816e-05,0.0007238772838486677,3.209094301545202e-07,35.140044862087166,-0.015317088729477528,42.29488579004762,33.2112,33.2112,2949.13232421875,True,0.0,839,0.0008316374953891646,0.0005844596697830903,3.0565014724391965e-07,True,840,115.85259242871197,602.3877214229778,115.85247833027333,38.203712463378906,1.2260861694812775e-05,0.0007235694207085961,3.209337759141942e-07,35.247301989850044,-0.09290565532162566,42.29488579004762,33.2112,33.2112,2949.1455078125,True,0.0,839,0.0008395071637583676,0.0005862410393404651,1.8543698276266427e-06,True,840
5.050000000000,606,held_throttle,0.0,0.15,0.0,1,-0.06493139266967773,200.72314453125,0.41868770122528076,0.023289522156119347,38.17537307739258,0.006660863757133484,9.269590918847825e-06,asphalt,0.0,0.15,0.0,3605.054749831828,5,-0.5667113661766052,-4.6736677177250385e-05,612.2422763391714,160.0,-0.0,6016.345399727119,5755.654600272881,1.2086712786185672e-06,1.5974760020691387e-05,False,-0.0,True,0,0,-0.01550683006644249,38.17536926269531,0.08174837380647659,False,True,-0.9053785800933838,201.82284545898438,-3.725290298461914e-09,0.0,0.0,1.0,2936.850830078125,2936.850830078125,0.33881571888923645,0.06118428707122803,0.0,asphalt,True,0.7746212482452393,201.82354736328125,3.725290298461914e-09,0.0,0.0,1.0,2936.86474609375,2936.86474609375,0.3388154208660126,0.061184585094451904,0.0,asphalt,True,-0.9044842720031738,199.62286376953125,-7.450580596923828e-09,0.0,0.0,1.0,2949.135009765625,2949.135009765625,0.33855995535850525,0.06144005060195923,0.0,asphalt,True,0.7755155563354492,199.62355041503906,-3.725290298461914e-09,0.0,0.0,1.0,2949.148681640625,2949.148681640625,0.33855965733528137,0.061440348625183105,0.0,asphalt,846,115.71355891992087,608.4553852904886,115.71344517358764,38.17536163330078,9.496696293354034e-06,0.0002649041119831912,2.487650643516044e-07,7.434133824195331,-0.011712542665764245,0.0,0.0,-0.0,2936.853271484375,True,0.0,845,5.689257601919744e-06,0.00012416168749244223,2.347418712844896e-07,True,846,115.71356588121289,608.4574925136251,115.71345213487966,38.17536544799805,9.498558938503265e-06,0.0002648643355092706,2.4881383130285614e-07,7.461478349422557,0.004515158959797125,0.0,0.0,-0.0,2936.86669921875,True,0.0,845,5.7658177805830564e-06,0.00012461781491717385,-9.049229083625602e-08,True,846,115.766655831818,608.1751669857018,115.76654208548477,38.17536163330078,1.2150965631008148e-05,0.000723890750914485,3.182933994895891e-07,35.14064321233858,-0.01521915586858296,42.299330467509705,33.2112,33.2112,2949.1328125,True,0.0,845,0.0008330576888588677,0.0005844695023712779,3.0369532909836186e-07,True,846,115.76663173099236,608.1779886235939,115.76651798465913,38.17536544799805,1.2151896953582764e-05,0.0007235824177520632,3.183177635885503e-07,35.24797030896602,-0.0928654575107438,42.299330467509705,33.2112,33.2112,2949.146484375,True,0.0,845,0.0008409260572950079,0.0005862519384078694,1.8535670041115024e-06,True,846
5.100000000000,612,held_throttle,0.0,0.15,0.0,1,-0.06570646911859512,202.63108825683594,0.41868770122528076,0.02329297550022602,38.147064208984375,0.00666299182921648,9.582616257830523e-06,asphalt,0.0,0.15,0.0,3602.377947556023,5,-0.5657958388328552,-4.583982808981091e-05,611.3344667652855,160.0,-0.0,6016.172288976744,5755.827711023256,1.207806349157181e-06,1.595495855908269e-05,False,-0.0,True,0,0,-0.015497635118663311,38.14706039428711,0.08174832165241241,False,True,-0.9061537384986877,203.7307891845703,-3.725290298461914e-09,0.0,0.0,1.0,2936.849609375,2936.849609375,0.33881571888923645,0.06118428707122803,0.0,asphalt,True,0.7738461494445801,203.7314910888672,1.862645149230957e-08,0.0,0.0,1.0,2936.863037109375,2936.863037109375,0.33881548047065735,0.06118452548980713,0.0,asphalt,True,-0.9052592515945435,201.5308074951172,1.862645149230957e-08,0.0,0.0,1.0,2949.136962890625,2949.136962890625,0.3385598957538605,0.061440110206604004,0.0,asphalt,True,0.7747405171394348,201.531494140625,-3.725290298461914e-09,0.0,0.0,1.0,2949.150390625,2949.150390625,0.33855965733528137,0.061440348625183105,0.0,asphalt,852,115.62771752130226,614.2386980932735,115.6276037816047,38.14705276489258,9.365379810333252e-06,0.00026460804716374063,2.455072969346715e-07,7.422211210647332,-0.011551335974263893,0.0,0.0,-0.0,2936.849609375,True,0.0,851,5.667180441581462e-06,0.00012396271521694793,2.3151127032837687e-07,True,852,115.62772447990689,614.2408062054568,115.62761074020933,38.147056579589844,9.366311132907867e-06,0.0002645682179533746,2.45531686392785e-07,7.449573960192917,0.004663897217817323,0.0,0.0,-0.0,2936.862548828125,True,0.0,851,5.740951442789009e-06,0.00012441916921964485,-9.347340304228537e-08,True,852,115.68080118364749,613.9611380943833,115.68068744394994,38.14705276489258,1.2017786502838135e-05,0.0007238206810175158,3.1503840091934766e-07,35.142287448315,-0.015055936311892802,42.303769163944104,33.2112,33.2112,2949.1376953125,True,0.0,851,0.0008345562752125387,0.000584495859929576,3.0043699496597174e-07,True,852,115.68077707245698,613.9639605938472,115.68066333275942,38.147056579589844,1.201871782541275e-05,0.0007235120293849358,3.1506278342436605e-07,35.249678931516534,-0.09276297168155144,42.303769163944104,33.2112,33.2112,2949.150634765625,True,0.0,851,0.0008424366931477535,0.000586279509329976,1.851518994228197e-06,True,852
5.150000000000,618,held_throttle,0.0,0.15,0.0,1,-0.0664810836315155,204.53762817382812,0.41868770122528076,0.02329646423459053,38.11878967285156,0.006664747837930918,9.886216503218748e-06,asphalt,0.0,0.15,0.0,3599.704729236982,5,-0.5653380155563354,-4.6805726015008986e-05,610.428552331749,160.0,-0.0,6015.9992596540915,5756.0007403459085,1.2071169521732372e-06,1.5975448787981328e-05,False,-0.0,True,0,0,-0.015488458797335625,38.1187858581543,0.08174824714660645,False,True,-0.9069283604621887,205.63734436035156,-2.9802322387695312e-08,0.0,0.0,1.0,2936.847412109375,2936.847412109375,0.338815838098526,0.06118416786193848,0.0,asphalt,True,0.7730715274810791,205.6380157470703,1.862645149230957e-08,0.0,0.0,1.0,2936.8642578125,2936.8642578125,0.33881548047065735,0.06118452548980713,0.0,asphalt,True,-0.9060338139533997,203.43734741210938,1.862645149230957e-08,0.0,0.0,1.0,2949.13671875,2949.13671875,0.3385598957538605,0.061440110206604004,0.0,asphalt,True,0.7739660143852234,203.43801879882812,-1.4901161193847656e-08,0.0,0.0,1.0,2949.150634765625,2949.150634765625,0.3385595977306366,0.06144040822982788,0.0,asphalt,858,115.54199488102145,620.0177221453758,115.54188058892592,38.118778228759766,9.501352906227112e-06,0.00026443874766450255,2.4925649109756504e-07,7.411890204996291,-0.01170396496477026,0.0,0.0,-0.0,2936.845703125,True,0.0,857,5.654983978968237e-06,0.0001237905021218668,2.3457055718137773e-07,True,858,115.54200180652226,620.0198311456465,115.54188751442673,38.11878204345703,9.502284228801727e-06,0.0002643986023432988,2.4928089827131735e-07,7.439266179649689,0.00449970351941707,0.0,0.0,-0.0,2936.863037109375,True,0.0,857,5.7229930613636476e-06,0.00012424699254415372,-9.018264464313282e-08,True,858,115.59506536867728,619.742819795477,115.59495107658175,38.118778228759766,1.2151896953582764e-05,0.00072387794640605,3.187903054147212e-07,35.14551505416313,-0.015211520481433661,42.30820190939007,33.2112,33.2112,2949.137939453125,True,0.0,857,0.0008361723549847515,0.0005845494727182903,3.035421501020146e-07,True,858,115.59504118664584,619.7456431544537,115.59492689455031,38.11878204345703,1.2152828276157379e-05,0.0007235684525453564,3.1881470562994973e-07,35.252964410214524,-0.09298389626405444,42.30820190939007,33.2112,33.2112,2949.152099609375,True,0.0,857,0.0008440716223840783,0.0005863338414042161,1.855927623209927e-06,True,858
5.200000000000,624,held_throttle,0.0,0.15,0.0,1,-0.06725523620843887,206.4427490234375,0.4186876714229584,0.02329995669424534,38.09055709838867,0.0066650123335421085,9.679814866103698e-06,asphalt,0.0,0.15,0.0,3597.035028744512,5,-0.5644224882125854,-4.657963290810585e-05,609.5245303201535,160.0,-0.0,6015.825188234842,5756.174811765158,1.2061674397045863e-06,1.5970705774352516e-05,False,-0.0,True,0,0,-0.015479311347007751,38.090553283691406,0.08174837380647659,False,True,-0.907702624797821,207.54244995117188,-3.725290298461914e-09,0.0,0.0,1.0,2936.857177734375,2936.857177734375,0.33881571888923645,0.06118428707122803,0.0,asphalt,True,0.7722972631454468,207.54315185546875,1.862645149230957e-08,0.0,0.0,1.0,2936.868408203125,2936.868408203125,0.33881548047065735,0.06118452548980713,0.0,asphalt,True,-0.9068079590797424,205.3424530029297,7.450580596923828e-09,0.0,0.0,1.0,2949.134765625,2949.134765625,0.3385598361492157,0.06144016981124878,0.0,asphalt,True,0.7731919288635254,205.3431396484375,1.1175870895385742e-08,0.0,0.0,1.0,2949.14892578125,2949.14892578125,0.3385595381259918,0.061440467834472656,0.0,asphalt,864,115.45638290909035,625.7924629082694,115.45626776393972,38.090545654296875,9.454786777496338e-06,0.000264126058845413,2.4821872764192283e-07,7.399047534510358,-0.011690626698697524,0.0,0.0,-0.0,2936.857177734375,True,0.0,863,5.629196765089364e-06,0.00012357552549937463,2.3430231386344524e-07,True,864,115.45638985057677,625.7945727964833,115.45627470542614,38.09054946899414,9.454786777496338e-06,0.0002640860222922373,2.482187027832817e-07,7.426435361635777,0.004496769366135635,0.0,0.0,-0.0,2936.867919921875,True,0.0,863,5.696973676235048e-06,0.00012403249174759557,-9.012368671674581e-08,True,864,115.50944028701399,625.5202175519394,115.50932514186336,38.090545654296875,1.2103468179702759e-05,0.0007237922152116818,3.1775517971181906e-07,35.14617582307437,-0.015197121261790618,42.31262872928949,33.2112,33.2112,2949.13623046875,True,0.0,863,0.0008376161289990907,0.0005845607787188464,3.032548112119678e-07,True,864,115.50941610796052,625.5230417714104,115.50930096280989,38.09054946899414,1.2103468179702759e-05,0.0007234825177637153,3.1775514788923227e-07,35.253697012209784,-0.09302836899913627,42.31262872928949,33.2112,33.2112,2949.149658203125,True,0.0,863,0.0008455267560338403,0.0005863464887041727,1.8568168894225057e-06,True,864
5.250000000000,630,held_throttle,0.0,0.15,0.0,1,-0.06802893429994583,208.34645080566406,0.4186876714229584,0.023303449153900146,38.06235885620117,0.0066637019626796246,9.897667041514069e-06,asphalt,0.0,0.15,0.0,3594.368901440176,5,-0.5635069608688354,-4.635342338588089e-05,608.6222760357487,160.0,-0.0,6015.656572265064,5756.343427734936,1.205539888360363e-06,1.597816428285992e-05,False,-0.0,True,0,0,-0.015470163896679878,38.062355041503906,0.08174849301576614,False,True,-0.9084763526916504,209.4461669921875,-3.725290298461914e-09,0.0,0.0,1.0,2936.855712890625,2936.855712890625,0.33881571888923645,0.06118428707122803,0.0,asphalt,True,0.7715235352516174,209.44683837890625,1.862645149230957e-08,0.0,0.0,1.0,2936.868408203125,2936.868408203125,0.33881548047065735,0.06118452548980713,0.0,asphalt,True,-0.9075815677642822,207.2461700439453,1.862645149230957e-08,0.0,0.0,1.0,2949.130126953125,2949.130126953125,0.3385598957538605,0.061440110206604004,0.0,asphalt,True,0.7724182605743408,207.24684143066406,-1.4901161193847656e-08,0.0,0.0,1.0,2949.145263671875,2949.145263671875,0.3385595977306366,0.06144040822982788,0.0,asphalt,870,115.3708826008545,631.5629262475796,115.37076764200476,38.062347412109375,9.417533874511719e-06,0.0002638787898147032,2.474238851468046e-07,7.39007574028236,-0.011636070967884526,0.0,0.0,-0.0,2936.855712890625,True,0.0,869,5.612202675275746e-06,0.0001234257438594575,2.3320902970223587e-07,True,870,115.37088954435676,631.5650370249435,115.37077458550702,38.06235122680664,9.417533874511719e-06,0.0002638387411027188,2.474238603494081e-07,7.417488616025285,0.004543424234374981,0.0,0.0,-0.0,2936.867919921875,True,0.0,869,5.684214068117208e-06,0.00012388306736746082,-9.105873238164843e-08,True,870,115.42392693398743,631.2933372346054,115.4238119751377,38.062347412109375,1.2065283954143524e-05,0.0007237723887128745,3.16987384501267e-07,35.15073579390406,-0.015143614489361133,42.31704964728849,33.2112,33.2112,2949.13037109375,True,0.0,869,0.0008393141073621459,0.0005846377628277094,3.021873272777782e-07,True,870,115.42390267668343,631.2961623135143,115.42378771783369,38.06235122680664,1.2065283954143524e-05,0.0007234617833985781,3.169873527320549e-07,35.258315458094664,-0.09304108070935357,42.31704964728849,33.2112,33.2112,2949.1455078125,True,0.0,869,0.0008472780192677561,0.0005864241080040719,1.8570733529494895e-06,True,870
5.300000000000,636,held_throttle,0.0,0.15,0.0,1,-0.06880217790603638,210.24874877929688,0.4186876714229584,0.02330693230032921,38.03419876098633,0.006664185784757137,1.0259066584694665e-05,asphalt,0.0,0.15,0.0,3591.706291914274,5,-0.5630491971969604,-4.653674841392785e-05,607.7220308177257,160.0,-0.0,6015.481096390197,5756.518903609803,1.2048313919876819e-06,1.5986109389122298e-05,False,-0.0,True,0,0,-0.015461028553545475,38.03419494628906,0.08174851536750793,False,True,-0.9092496633529663,211.3484649658203,-3.725290298461914e-09,0.0,0.0,1.0,2936.850830078125,2936.850830078125,0.33881571888923645,0.06118428707122803,0.0,asphalt,True,0.7707501649856567,211.34915161132812,1.862645149230957e-08,0.0,0.0,1.0,2936.86328125,2936.86328125,0.33881548047065735,0.06118452548980713,0.0,asphalt,True,-0.9083546996116638,209.14845275878906,1.862645149230957e-08,0.0,0.0,1.0,2949.13525390625,2949.13525390625,0.3385598957538605,0.061440110206604004,0.0,asphalt,True,0.7716450691223145,209.14915466308594,1.1175870895385742e-08,0.0,0.0,1.0,2949.1533203125,2949.1533203125,0.3385595381259918,0.061440467834472656,0.0,asphalt,876,115.28550106243654,637.3291177400183,115.28538706655252,38.03418731689453,9.42964106798172e-06,0.000263658419357811,2.4792539904731823e-07,7.376751741834298,-0.011641112925745616,0.0,0.0,-0.0,2936.851318359375,True,0.0,875,5.585101414808485e-06,0.00012320339621793268,2.3331042585672938e-07,True,876,115.2855079979637,637.331229406453,115.28539400207968,38.0341911315918,9.430572390556335e-06,0.0002636182718212158,2.479498606379711e-07,7.404181071676733,0.004521524529155101,0.0,0.0,-0.0,2936.86376953125,True,0.0,875,5.665358798190418e-06,0.00012366098571724862,-9.06199487480181e-08,True,876,115.33853209760696,637.062184413967,115.33841810172294,38.03418731689453,1.2075528502464294e-05,0.0007237771399295542,3.1749142953555417e-07,35.15091268501623,-0.015148289543696935,42.32146468042286,33.2112,33.2112,2949.134765625,True,0.0,875,0.0008407326604537599,0.0005846398104001922,3.022800698677972e-07,True,876,115.33850777044073,637.0650103508193,115.3383937745567,38.0341911315918,1.2075528502464294e-05,0.0007234656984933947,3.1749139769226653e-07,35.258573090234016,-0.09310634202539053,42.32146468042286,33.2112,33.2112,2949.153076171875,True,0.0,875,0.0008486763918681908,0.0005864268651298572,1.8583712313890295e-06,True,876
5.350000000000,642,held_throttle,0.0,0.15,0.0,1,-0.06957495957612991,212.14964294433594,0.4186876714229584,0.02331041358411312,38.00607681274414,0.006666382774710655,1.0246913006994873e-05,asphalt,0.0,0.15,0.0,3589.0472466906504,5,-0.5621336698532104,-4.6645523980259895e-05,606.8235480886735,160.0,-0.0,6015.310632884256,5756.689367115744,1.2039755574733135e-06,1.5972593979236722e-05,False,-0.0,True,0,0,-0.015451916493475437,38.006072998046875,0.08174848556518555,False,True,-0.910022497177124,213.24935913085938,-1.4901161193847656e-08,0.0,0.0,1.0,2936.84375,2936.84375,0.338815838098526,0.06118416786193848,0.0,asphalt,True,0.7699773907661438,213.2500457763672,1.862645149230957e-08,0.0,0.0,1.0,2936.8603515625,2936.8603515625,0.33881548047065735,0.06118452548980713,0.0,asphalt,True,-0.909127414226532,211.04934692382812,7.450580596923828e-09,0.0,0.0,1.0,2949.141357421875,2949.141357421875,0.3385598361492157,0.06144016981124878,0.0,asphalt,True,0.7708723545074463,211.050048828125,1.1175870895385742e-08,0.0,0.0,1.0,2949.15478515625,2949.15478515625,0.3385595381259918,0.061440467834472656,0.0,asphalt,882,115.200227519828,643.0910431855526,115.20011381351982,38.006065368652344,9.484589099884033e-06,0.0002633714591028028,2.495546173455458e-07,7.365436257236572,-0.011724192183218442,0.0,0.0,-0.0,2936.84375,True,0.0,881,5.5661724108113464e-06,0.00012301472626853895,2.3497609514027337e-07,True,882,115.20023442634819,643.0931557404227,115.20012072004,38.00606918334961,9.485520422458649e-06,0.0002633310300260129,2.4957909687261323e-07,7.392880512401171,0.004424803856824557,0.0,0.0,-0.0,2936.8603515625,True,0.0,881,5.638023511420743e-06,0.00012347239266393656,-8.868159189116834e-08,True,882,115.25324511662299,642.8267648788674,115.25313141031481,38.006065368652344,1.2128613889217377e-05,0.0007237139537189464,3.1912311289188925e-07,35.15305910598478,-0.01523255673605939,42.32587383098706,33.2112,33.2112,2949.14111328125,True,0.0,881,0.0008422653295500053,0.0005846742300126019,3.0396118310388344e-07,True,882,115.25322084430586,642.8295916734426,115.25310713799767,38.00606918334961,1.2128613889217377e-05,0.0007234027580881651,3.1912308086126645e-07,35.26077267379597,-0.09325138496214401,42.32587383098706,33.2112,33.2112,2949.15478515625,True,0.0,881,0.0008502399326625159,0.000586463087008414,1.8612651713204978e-06,True,882
5.400000000000,648,held_throttle,0.0,0.15,0.0,1,-0.07034729421138763,214.04913330078125,0.4186876714229584,0.023313894867897034,37.97799301147461,0.006668950896710157,1.001639429887291e-05,asphalt,0.0,0.15,0.0,3586.3917147722836,5,-0.5612181425094604,-4.6530665713362396e-05,605.9269471244947,160.0,-0.0,6015.139241152756,5756.860758847244,1.2031943015244906e-06,1.5950919224617246e-05,False,-0.0,True,0,0,-0.015442820265889168,37.977989196777344,0.0817486047744751,False,True,-0.9107949137687683,215.14883422851562,-1.4901161193847656e-08,0.0,0.0,1.0,2936.843017578125,2936.843017578125,0.338815838098526,0.06118416786193848,0.0,asphalt,True,0.7692049741744995,215.1495361328125,3.3527612686157227e-08,0.0,0.0,1.0,2936.859130859375,2936.859130859375,0.33881548047065735,0.06118452548980713,0.0,asphalt,True,-0.9098997712135315,212.94883728027344,-1.1175870895385742e-08,0.0,0.0,1.0,2949.143798828125,2949.143798828125,0.3385597765445709,0.061440229415893555,0.0,asphalt,True,0.7701001167297363,212.9495391845703,-7.450580596923828e-09,0.0,0.0,1.0,2949.1572265625,2949.1572265625,0.33855947852134705,0.06144052743911743,0.0,asphalt,888,115.11507117167102,648.8487081481184,115.11495728654162,37.97798156738281,9.469687938690186e-06,0.0002630976912477661,2.493467937965134e-07,7.3549390852042595,-0.01171829604395899,0.0,0.0,-0.0,2936.84326171875,True,0.0,887,5.547979573936572e-06,0.00012283942643849443,2.3485796160270628e-07,True,888,115.11507807230433,648.8508215908709,115.11496418717493,37.97798538208008,9.470619261264801e-06,0.00026305718114971456,2.493712914464736e-07,7.3823997373307755,0.004419653043111973,0.0,0.0,-0.0,2936.859619140625,True,0.0,887,5.615630371001271e-06,0.00012329737806925396,-8.857838044470793e-08,True,888,115.16807543024656,648.5870841932859,115.16796154511717,37.97798156738281,1.2111850082874298e-05,0.0007236646989728408,3.1891768817108713e-07,35.156010612113555,-0.015227386105579572,42.330277121299275,33.2112,33.2112,2949.143798828125,True,0.0,887,0.0008438723890498969,0.0005847227661405567,3.0385757487113957e-07,True,888,115.16805115376391,648.5899118495115,115.16793726863452,37.97798538208008,1.2112781405448914e-05,0.0007233532370302941,3.1894217883300156e-07,35.26379836138336,-0.09331045679416405,42.330277121299275,33.2112,33.2112,2949.1572265625,True,0.0,887,0.0008518731639289776,0.0005865129033698686,1.8624427640482737e-06,True,888
5.450000000000,654,held_throttle,0.0,0.15,0.0,1,-0.07111916691064835,215.94720458984375,0.4186876714229584,0.023317378014326096,37.94994354248047,0.0066713630221784115,1.0055931852548383e-05,asphalt,0.0,0.15,0.0,3583.739721052855,5,-0.5607603788375854,-4.615496436599642e-05,605.0322252247497,160.0,-0.0,6014.966847593986,5757.033152406014,1.202483986162406e-06,1.5937490432998334e-05,False,-0.0,True,0,0,-0.015433726832270622,37.9499397277832,0.08174854516983032,False,True,-0.9115668535232544,217.04690551757812,0.0,0.0,0.0,1.0,2936.838134765625,2936.838134765625,0.3388158977031708,0.0611841082572937,0.0,asphalt,True,0.7684329152107239,217.047607421875,-3.3527612686157227e-08,0.0,0.0,1.0,2936.850830078125,2936.850830078125,0.3388156592845917,0.0611843466758728,0.0,asphalt,True,-0.9106714725494385,214.84690856933594,1.4901161193847656e-08,0.0,0.0,1.0,2949.146728515625,2949.146728515625,0.33855971693992615,0.06144028902053833,0.0,asphalt,True,0.7693283557891846,214.84759521484375,-2.2351741790771484e-08,0.0,0.0,1.0,2949.16259765625,2949.16259765625,0.33855941891670227,0.06144058704376221,0.0,asphalt,894,115.03002651863686,654.6021183620434,115.0299125218579,37.94993209838867,9.343959391117096e-06,0.0002628898712026476,2.462180793075423e-07,7.3424046290844585,-0.011567212015540517,0.0,0.0,-0.0,2936.843505859375,True,0.0,893,5.523014287189107e-06,0.00012263006997672064,2.3182991963403614e-07,True,894,115.03003345143861,654.6042326938491,115.02991945465965,37.94993591308594,9.344890713691711e-06,0.0002628496109098312,2.462425953786448e-07,7.369885683033393,0.004557023338056197,0.0,0.0,-0.0,2936.85302734375,True,0.0,893,5.5961445955755044e-06,0.00012308864988510307,-9.13317375534495e-08,True,894,115.0830174772864,654.3431480968903,115.08290348050744,37.94993209838867,1.1985190212726593e-05,0.0007236816404478466,3.158158539428606e-07,35.15690712012887,-0.015074589236476303,42.33467455231822,33.2112,33.2112,2949.144775390625,True,0.0,893,0.0008453296794648155,0.0005847374607617233,3.0080768009441554e-07,True,894,115.08299313583856,654.3459766133454,115.0828791390596,37.94993591308594,1.1986121535301208e-05,0.000723369383380809,3.1584036301805037e-07,35.26476269071209,-0.0932154931886901,42.33467455231822,33.2112,33.2112,2949.16015625,True,0.0,893,0.0008533491679475759,0.0005865283366958865,1.8605456468035842e-06,True,894
5.500000000000,660,held_throttle,0.0,0.15,0.0,1,-0.07189059257507324,217.84388732910156,0.4186876714229584,0.02332085743546486,37.92193603515625,0.00667332811281085,1.043010524881538e-05,asphalt,0.0,0.15,0.0,3581.0912482898816,5,-0.5598448514938354,-4.6039902372285724e-05,604.1393796926658,160.0,-0.0,6014.793521427756,5757.206478572244,1.201839154418849e-06,1.5948834254289335e-05,False,-0.0,True,0,0,-0.015424632467329502,37.921932220458984,0.08174844086170197,False,True,-0.9123383164405823,218.94358825683594,1.862645149230957e-08,0.0,0.0,1.0,2936.839111328125,2936.839111328125,0.33881595730781555,0.061184048652648926,0.0,asphalt,True,0.767661452293396,218.94427490234375,-3.3527612686157227e-08,0.0,0.0,1.0,2936.85400390625,2936.85400390625,0.3388156592845917,0.0611843466758728,0.0,asphalt,True,-0.9114428758621216,216.7436065673828,-3.725290298461914e-09,0.0,0.0,1.0,2949.14794921875,2949.14794921875,0.33855965733528137,0.061440348625183105,0.0,asphalt,True,0.7685569524765015,216.74427795410156,-2.2351741790771484e-08,0.0,0.0,1.0,2949.159912109375,2949.159912109375,0.33855941891670227,0.06144058704376221,0.0,asphalt,900,114.94509835657941,660.3512794590733,114.94498388853667,37.92192459106445,9.360723197460175e-06,0.00026258864005812414,2.4684198648677375e-07,7.330295787808468,-0.011615884505814559,0.0,0.0,-0.0,2936.839111328125,True,0.0,899,5.501938588743926e-06,0.00012242801535003396,2.3280575702251696e-07,True,900,114.94510525341502,660.3533946797812,114.94499078537228,37.92192840576172,9.36165452003479e-06,0.00026254803708049225,2.4686652060163227e-07,7.357791347495128,0.004492355572512138,0.0,0.0,-0.0,2936.85400390625,True,0.0,899,5.57354078775507e-06,0.00012288661414343048,-9.003564117429764e-08,True,900,114.99807599568508,660.0949622190326,114.99796152764235,37.92192459106445,1.200009137392044e-05,0.0007236048224749619,3.1644204515789854e-07,35.1582117525637,-0.015125555486859928,42.33906614152694,33.2112,33.2112,2949.144775390625,True,0.0,899,0.0008468324079230684,0.0005847591369996834,3.0182479132223383e-07,True,900,114.99805162304887,660.0977915939816,114.99793715500613,37.92192840576172,1.2001022696495056e-05,0.0007232920633920291,3.164665722714477e-07,35.26612762377905,-0.09332814140503051,42.33906614152694,33.2112,33.2112,2949.159912109375,True,0.0,899,0.0008548498767379828,0.0005865510644667172,1.862794243003224e-06,True,900
5.550000000000,666,held_throttle,0.0,0.15,0.0,1,-0.07266155630350113,219.73916625976562,0.4186876714229584,0.023324329406023026,37.89396286010742,0.006674889009445906,1.0811725587700494e-05,asphalt,0.0,0.15,0.0,3578.4463089306223,5,-0.5589293241500854,-4.6148154069669545e-05,603.2482863948494,160.0,-0.0,6014.624875694507,5757.375124305493,1.2010306136289728e-06,1.594404351073395e-05,False,-0.0,True,0,0,-0.015415554866194725,37.893959045410156,0.08174844086170197,False,True,-0.9131094217300415,220.83888244628906,1.862645149230957e-08,0.0,0.0,1.0,2936.8408203125,2936.8408203125,0.33881595730781555,0.061184048652648926,0.0,asphalt,True,0.7668904066085815,220.83956909179688,-1.862645149230957e-08,0.0,0.0,1.0,2936.8564453125,2936.8564453125,0.3388156592845917,0.0611843466758728,0.0,asphalt,True,-0.9122138023376465,218.6388702392578,-3.725290298461914e-09,0.0,0.0,1.0,2949.1455078125,2949.1455078125,0.33855965733528137,0.061440348625183105,0.0,asphalt,True,0.7677860856056213,218.6395721435547,-3.725290298461914e-08,0.0,0.0,1.0,2949.158447265625,2949.158447265625,0.33855941891670227,0.06144058704376221,0.0,asphalt,906,114.86027816981317,666.0961971182479,114.86016379770393,37.893951416015625,9.340234100818634e-06,0.0002623210209354209,2.4648350862852633e-07,7.3202098080815725,-0.011580171763550405,0.0,0.0,-0.0,2936.838623046875,True,0.0,905,5.484981490037867e-06,0.00012225958275370865,2.3209003904127652e-07,True,906,114.86028505544759,666.0983132271554,114.86017068333835,37.89395523071289,9.34116542339325e-06,0.00026228029046606086,2.465080608904632e-07,7.34772162070851,0.004517287228755712,0.0,0.0,-0.0,2936.854248046875,True,0.0,905,5.563352644599175e-06,0.0001227184232034844,-9.053530936417351e-08,True,906,114.91324241400318,665.8425322378826,114.91312804189394,37.893951416015625,1.197773963212967e-05,0.0007235608739879103,3.160857916513546e-07,35.16152853451265,-0.01508910077100288,42.34345188357988,33.2112,33.2112,2949.147705078125,True,0.0,905,0.0008484594856680408,0.0005848137002284049,3.010967582824857e-07,True,906,114.91321807879312,665.8453624743066,114.91310370668388,37.89395523071289,1.1978670954704285e-05,0.000723248209958016,3.161103369065899e-07,35.269513945169,-0.09335859880956265,42.34345188357988,33.2112,33.2112,2949.160400390625,True,0.0,905,0.0008565306365979538,0.0005866072671465412,1.863401958333362e-06,True,906
5.600000000000,672,held_throttle,0.0,0.15,0.0,1,-0.0734320729970932,221.633056640625,0.4186876714229584,0.023327801376581192,37.86602783203125,0.006675999145954847,1.0902487701969221e-05,asphalt,0.0,0.15,0.0,3575.804900180455,5,-0.5584715604782104,-4.655444354284555e-05,602.3591856119642,160.0,-0.0,6014.449652545484,5757.550347454516,1.2006040606138413e-06,1.592598398871882e-05,False,-0.0,True,0,0,-0.015406500548124313,37.866024017333984,0.08174864202737808,False,True,-0.9138799905776978,222.73277282714844,1.862645149230957e-08,0.0,0.0,1.0,2936.840576171875,2936.840576171875,0.33881595730781555,0.061184048652648926,0.0,asphalt,True,0.7661198377609253,222.73345947265625,-1.862645149230957e-08,0.0,0.0,1.0,2936.853759765625,2936.853759765625,0.3388156592845917,0.0611843466758728,0.0,asphalt,True,-0.9129842519760132,220.5327606201172,-3.725290298461914e-09,0.0,0.0,1.0,2949.146484375,2949.146484375,0.33855965733528137,0.061440348625183105,0.0,asphalt,True,0.7670155763626099,220.53346252441406,3.3527612686157227e-08,0.0,0.0,1.0,2949.165283203125,2949.165283203125,0.33855924010276794,0.06144076585769653,0.0,asphalt,912,114.77557966098104,671.8368770726886,114.7754653129625,37.86601638793945,9.445473551750183e-06,0.00026210573836462394,2.494446063451878e-07,7.307268726325492,-0.0117109764847404,0.0,0.0,-0.0,2936.83984375,True,0.0,911,5.464590568629123e-06,0.00012204339401375082,2.3471152515473028e-07,True,912,114.77558654907557,671.838994069798,114.77547220105703,37.86602020263672,9.446404874324799e-06,0.00026206499930846606,2.4946917642184173e-07,7.3347962827997755,0.004368222342813034,0.0,0.0,-0.0,2936.853515625,True,0.0,911,5.535884648366662e-06,0.00012250257994968344,-8.754778796439334e-08,True,912,114.82853062178519,671.5858638892614,114.82841627376665,37.86601638793945,1.2081116437911987e-05,0.0007235700996101352,3.1904904688520345e-07,35.16197995113758,-0.015222280108259894,42.34783179108495,33.2112,33.2112,2949.147216796875,True,0.0,911,0.0008498891620943272,0.0005848212821318703,3.0375481432749284e-07,True,912,114.82850611278965,671.5886949845382,114.82839176477111,37.86602020263672,1.2082047760486603e-05,0.0007232556903871157,3.190736099497693e-07,35.27003594210003,-0.09355145941445626,42.34783179108495,33.2112,33.2112,2949.166748046875,True,0.0,911,0.0008579595106077659,0.0005866146635182932,1.8672473241505207e-06,True,912
5.650000000000,678,held_throttle,0.0,0.15,0.0,1,-0.07420213520526886,223.52554321289062,0.4186876714229584,0.02333127334713936,37.838130950927734,0.006678001489490271,1.0387179827375803e-05,asphalt,0.0,0.15,0.0,3573.1670161252578,5,-0.5575560331344604,-4.66625060653314e-05,601.4718318669559,160.0,-0.0,6014.27883683085,5757.72116316915,1.1997827868981403e-06,1.5885355344064894e-05,False,-0.0,True,0,0,-0.015397471375763416,37.83812713623047,0.08174866437911987,False,True,-0.9146500825881958,224.62525939941406,-7.450580596923828e-09,0.0,0.0,1.0,2936.834228515625,2936.834228515625,0.3388160169124603,0.06118398904800415,0.0,asphalt,True,0.7653497457504272,224.62594604492188,-3.725290298461914e-09,0.0,0.0,1.0,2936.846923828125,2936.846923828125,0.33881571888923645,0.06118428707122803,0.0,asphalt,True,-0.9137542247772217,222.42526245117188,-1.4901161193847656e-08,0.0,0.0,1.0,2949.153076171875,2949.153076171875,0.3385595977306366,0.06144040822982788,0.0,asphalt,True,0.7662456035614014,222.4259490966797,3.3527612686157227e-08,0.0,0.0,1.0,2949.16845703125,2949.16845703125,0.33855924010276794,0.06144076585769653,0.0,asphalt,918,114.69098728162591,677.5733249079877,114.69087364419921,37.83811950683594,9.41939651966095e-06,0.00026180730516555366,2.4893934060224693e-07,7.295372119983722,-0.011713070124698436,0.0,0.0,-0.0,2936.83544921875,True,0.0,917,5.437309818493943e-06,0.0001218448830639325,2.347538343142918e-07,True,918,114.69099417533205,677.5754427942793,114.69088053790536,37.8381233215332,9.420327842235565e-06,0.00026176658504470363,2.489639288445994e-07,7.322919529578285,0.004352840621738949,0.0,0.0,-0.0,2936.847900390625,True,0.0,917,5.505879993646624e-06,0.00012230445306480502,-8.723967400266317e-08,True,918,114.7439247874527,677.3249627547468,114.743811150026,37.83811950683594,1.2053176760673523e-05,0.0007234945441332227,3.185458716703814e-07,35.16346367806217,-0.015224066727648053,42.35220585559444,33.2112,33.2112,2949.152099609375,True,0.0,917,0.0008513909502782721,0.0005848449690314594,3.03789845576936e-07,True,918,114.74390030241771,677.3277947049622,114.74378666499102,37.8381233215332,1.2055039405822754e-05,0.0007231801120821131,3.1859506623474566e-07,35.27155925357145,-0.09361463577576086,42.35220585559444,33.2112,33.2112,2949.167236328125,True,0.0,917,0.0008594915236330251,0.0005866398794685383,1.8685080518898825e-06,True,918
5.700000000000,684,held_throttle,0.0,0.15,0.0,1,-0.0749717429280281,225.41664123535156,0.4186876714229584,0.023334745317697525,37.81026840209961,0.006681671366095543,9.981979928852525e-06,asphalt,0.0,0.15,0.0,3570.5326887547158,5,-0.5570982694625854,-4.617458034772426e-05,600.5863439176418,160.0,-0.0,6014.107451973165,5757.892548026835,1.1989478707619128e-06,1.5843246537914487e-05,False,-0.0,True,0,0,-0.015388448722660542,37.810264587402344,0.08174861967563629,False,True,-0.9154196977615356,226.516357421875,3.725290298461914e-09,0.0,0.0,1.0,2936.828125,2936.828125,0.3388160765171051,0.061183929443359375,0.0,asphalt,True,0.7645800709724426,226.5170440673828,-2.9802322387695312e-08,0.0,0.0,1.0,2936.839599609375,2936.839599609375,0.338815838098526,0.06118416786193848,0.0,asphalt,True,-0.9145237803459167,224.3163604736328,1.1175870895385742e-08,0.0,0.0,1.0,2949.158203125,2949.158203125,0.3385595381259918,0.061440467834472656,0.0,asphalt,True,0.7654760479927063,224.31704711914062,1.862645149230957e-08,0.0,0.0,1.0,2949.172119140625,2949.172119140625,0.33855924010276794,0.06144076585769653,0.0,asphalt,924,114.60651366677395,683.305546481159,114.60640043362129,37.81025695800781,9.301118552684784e-06,0.00026163673096908044,2.4599458720987926e-07,7.285090145617533,-0.011583347854958457,0.0,0.0,-0.0,2936.829833984375,True,0.0,923,5.421161615213787e-06,0.00012167338911472715,2.321543807712988e-07,True,924,114.60652055730233,683.3076652563134,114.60640732414967,37.81026077270508,9.3020498752594e-06,0.0002615959531237603,2.460191938685143e-07,7.312651776798465,0.004472223900246468,0.0,0.0,-0.0,2936.84033203125,True,0.0,923,5.499218272401789e-06,0.0001221332793048379,-8.963257409751147e-08,True,924,114.65943761212372,683.0598346823112,114.65932437897106,37.81025695800781,1.1933967471122742e-05,0.0007235458363428407,3.156277801649496e-07,35.16650334517056,-0.015094033114111114,42.35657408072772,33.2112,33.2112,2949.156494140625,True,0.0,923,0.000853024158569608,0.0005848946318907651,3.0119392879475023e-07,True,924,114.65941318936918,683.0626674923448,114.65929995621651,37.81026077270508,1.1934898793697357e-05,0.0007232317161508356,3.1565237979825486e-07,35.27468966780291,-0.09354585207347792,42.35657408072772,33.2112,33.2112,2949.169921875,True,0.0,923,0.0008611525200026003,0.0005866913884507463,1.8671336312908063e-06,True,924
5.750000000000,690,held_throttle,0.0,0.15,0.0,1,-0.07574090361595154,227.30633544921875,0.4186876714229584,0.02333821728825569,37.78244400024414,0.006684840656816959,1.0051705430669244e-05,asphalt,0.0,0.15,0.0,3567.9018428599124,5,-0.5561827421188354,-4.594717756845057e-05,599.702598002348,160.0,-0.0,6013.939919809125,5758.060080190875,1.198402173940849e-06,1.583862378673391e-05,False,-0.0,True,0,0,-0.015379414893686771,37.782440185546875,0.08174861967563629,False,True,-0.9161889553070068,228.40603637695312,2.2351741790771484e-08,0.0,0.0,1.0,2936.830810546875,2936.830810546875,0.3388161361217499,0.0611838698387146,0.0,asphalt,True,0.7638108730316162,228.40673828125,-1.4901161193847656e-08,0.0,0.0,1.0,2936.84521484375,2936.84521484375,0.338815838098526,0.06118416786193848,0.0,asphalt,True,-0.9152929186820984,226.2060546875,-7.450580596923828e-09,0.0,0.0,1.0,2949.15478515625,2949.15478515625,0.33855947852134705,0.06144052743911743,0.0,asphalt,True,0.7647069692611694,226.2067413330078,0.0,0.0,0.0,1.0,2949.16943359375,2949.16943359375,0.33855918049812317,0.06144082546234131,0.0,asphalt,930,114.52214225436607,689.0335471317819,114.5220278570602,37.782432556152344,9.297393262386322e-06,0.0002613486512227356,2.4607714838287146e-07,7.273846741358654,-0.011556102658844436,0.0,0.0,-0.0,2936.8291015625,True,0.0,929,5.401140344044959e-06,0.00012148563497941492,2.316083863823736e-07,True,930,114.52214912325573,689.0356667959649,114.52203472594985,37.78243637084961,9.298324584960938e-06,0.0002613076543787225,2.4610177315443617e-07,7.301427573222271,0.004487126951383497,0.0,0.0,-0.0,2936.84375,True,0.0,929,5.479113469462837e-06,0.00012194567429729241,-8.993115413225561e-08,True,930,114.57505275101198,688.7904850143901,114.5749383537061,37.782432556152344,1.1929310858249664e-05,0.0007234804598931902,3.157369722163838e-07,35.16856267364001,-0.015067630593228418,42.36093646849558,33.2112,33.2112,2949.15625,True,0.0,929,0.0008545796679637564,0.000584928909144479,3.0066685867053086e-07,True,930,114.57502827494727,688.7933186841025,114.5749138776414,37.78243637084961,1.1929310858249664e-05,0.0007231656427555008,3.157369403380541e-07,35.27680892637451,-0.09358317755616875,42.36093646849558,33.2112,33.2112,2949.17041015625,True,0.0,929,0.0008627335676494143,0.0005867265164423959,1.8678784112369186e-06,True,930
5.800000000000,696,held_throttle,0.0,0.15,0.0,1,-0.07650961726903915,229.1946563720703,0.4186876714229584,0.023341678082942963,37.75465774536133,0.00668644905090332,1.0067245966638438e-05,asphalt,0.0,0.15,0.0,3565.2744431437736,5,-0.5552672147750854,-4.6054847189225256e-05,598.8207127069181,160.0,-0.0,6013.770628475881,5758.229371524119,1.1976063660767977e-06,1.5820579188471548e-05,False,-0.0,True,0,0,-0.015370399691164494,37.75465393066406,0.0817486047744751,False,True,-0.916957676410675,230.29437255859375,-3.725290298461914e-09,0.0,0.0,1.0,2936.828369140625,2936.828369140625,0.33881619572639465,0.061183810234069824,0.0,asphalt,True,0.763042151927948,230.29505920410156,-1.4901161193847656e-08,0.0,0.0,1.0,2936.845458984375,2936.845458984375,0.338815838098526,0.06118416786193848,0.0,asphalt,True,-0.916061520576477,228.0943603515625,-2.2351741790771484e-08,0.0,0.0,1.0,2949.15771484375,2949.15771484375,0.33855941891670227,0.06144058704376221,0.0,asphalt,True,0.763938307762146,228.0950469970703,2.60770320892334e-08,0.0,0.0,1.0,2949.171875,2949.171875,0.3385591208934784,0.061440885066986084,0.0,asphalt,936,114.43788797291799,694.7573323693254,114.4377733204079,37.75464630126953,9.296461939811707e-06,0.000261073291873851,2.462335858116334e-07,7.263376360218334,-0.011548572826704736,0.0,0.0,-0.0,2936.828369140625,True,0.0,935,5.381737825560246e-06,0.00012131079160471775,2.314575284198691e-07,True,936,114.43789481965297,694.7594529216052,114.43778016714288,37.7546501159668,9.297393262386322e-06,0.00026103207123924716,2.4625822869046215e-07,7.290971757079497,0.004482240865018408,0.0,0.0,-0.0,2936.845458984375,True,0.0,935,5.450101941100952e-06,0.00012177097409411412,-8.983317341335904e-08,True,936,114.49078503865148,694.5169192668534,114.49067038614139,37.75464630126953,1.1926516890525818e-05,0.0007234278204466496,3.1589534160526307e-07,35.171419188626544,-0.015061164493530984,42.36529307232372,33.2112,33.2112,2949.15771484375,True,0.0,935,0.0008561968498064043,0.0005849761067052168,3.005375212575643e-07,True,936,114.49076060602302,694.5197537981411,114.49064595351292,37.7546501159668,1.1927448213100433e-05,0.0007231131512792844,3.159199774455281e-07,35.27973248133451,-0.09364067800139766,42.36529307232372,33.2112,33.2112,2949.1689453125,True,0.0,935,0.0008643636326000194,0.0005867754107845029,1.869027104313578e-06,True,936
5.850000000000,702,held_throttle,0.0,0.15,0.0,1,-0.07727786898612976,231.08157348632812,0.4186876714229584,0.023345140740275383,37.726905822753906,0.006687500048428774,1.0015191037382465e-05,asphalt,0.0,0.15,0.0,3562.650544723997,5,-0.5548094511032104,-4.601363616529852e-05,597.9406853595154,160.0,-0.0,6013.599739918225,5758.400260081775,1.1970297464358737e-06,1.5801156526560556e-05,False,-0.0,True,0,0,-0.015361393801867962,37.72690200805664,0.0817485898733139,False,True,-0.9177260994911194,232.1812744140625,-3.725290298461914e-09,0.0,0.0,1.0,2936.830322265625,2936.830322265625,0.33881619572639465,0.061183810234069824,0.0,asphalt,True,0.7622737288475037,232.1819610595703,0.0,0.0,0.0,1.0,2936.8447265625,2936.8447265625,0.3388158977031708,0.0611841082572937,0.0,asphalt,True,-0.9168297648429871,229.9812774658203,-2.2351741790771484e-08,0.0,0.0,1.0,2949.156005859375,2949.156005859375,0.33855941891670227,0.06144058704376221,0.0,asphalt,True,0.763170063495636,229.98196411132812,2.60770320892334e-08,0.0,0.0,1.0,2949.169921875,2949.169921875,0.3385591208934784,0.061440885066986084,0.0,asphalt,942,114.3537453815175,700.4769079547716,114.35363001563614,37.72689437866211,9.25455242395401e-06,0.00026086422963654397,2.4530384958450466e-07,7.250854146161896,-0.011534285488209946,0.0,0.0,-0.0,2936.828125,True,0.0,941,5.359803961769083e-06,0.00012110165878462576,2.3117119701058383e-07,True,942,114.35375223743252,700.4790293952914,114.35363687155116,37.726898193359375,9.256415069103241e-06,0.000260823058999658,2.4535319658832575e-07,7.27846718749473,0.004479693193549855,0.0,0.0,-0.0,2936.84228515625,True,0.0,941,5.437555697343629e-06,0.0001215622583228635,-8.978220796020008e-08,True,942,114.40662902885471,700.2391431977163,114.40651366297335,37.72689437866211,1.1883676052093506e-05,0.0007234414947067771,3.149921626948011e-07,35.17220076146655,-0.015047281853576925,42.36964389241003,33.2112,33.2112,2949.158203125,True,0.0,941,0.0008576606670238386,0.0005849889861077451,3.0026026642573155e-07,True,942,114.40660450685002,700.2419785898875,114.40648914096866,37.726898193359375,1.1884607374668121e-05,0.0007231258122867653,3.1501681674852446e-07,35.28058421342398,-0.09368641587840572,42.36964389241003,33.2112,33.2112,2949.172607421875,True,0.0,941,0.0008658529741709963,0.0005867888249037116,1.8699377605413327e-06,True,942
5.900000000000,708,held_throttle,0.0,0.15,0.0,1,-0.07804567366838455,232.96710205078125,0.4186876714229584,0.023348601534962654,37.69919204711914,0.00668700784444809,1.0027544703916647e-05,asphalt,0.0,0.15,0.0,3560.030065181373,5,-0.5538939237594604,-4.578582593239844e-05,597.0623924759301,160.0,-0.0,6013.432030074025,5758.567969925975,1.196379457724106e-06,1.5789408511167538e-05,False,-0.0,True,0,0,-0.015352393500506878,37.699188232421875,0.0817485898733139,False,True,-0.9184939861297607,234.0668182373047,-3.725290298461914e-09,0.0,0.0,1.0,2936.830078125,2936.830078125,0.33881619572639465,0.061183810234069824,0.0,asphalt,True,0.7615059018135071,234.06748962402344,0.0,0.0,0.0,1.0,2936.84423828125,2936.84423828125,0.3388158977031708,0.0611841082572937,0.0,asphalt,True,-0.9175974130630493,231.8668212890625,-2.2351741790771484e-08,0.0,0.0,1.0,2949.156005859375,2949.156005859375,0.33855941891670227,0.06144058704376221,0.0,asphalt,True,0.7624024152755737,231.8675079345703,2.60770320892334e-08,0.0,0.0,1.0,2949.170166015625,2949.170166015625,0.3385591208934784,0.061440885066986084,0.0,asphalt,948,114.26970809182052,706.1922791412936,114.26959334246743,37.699180603027344,9.24617052078247e-06,0.00026056447690116317,2.45261843172257e-07,7.238971345170709,-0.011526268500774305,0.0,0.0,-0.0,2936.83056640625,True,0.0,947,5.342265803408211e-06,0.00012090309463868219,2.3101032525728177e-07,True,948,114.2697149401029,706.1944014702792,114.26960019074981,37.69918441772461,9.247101843357086e-06,0.00026052320921642573,2.4528652240575507e-07,7.26660109842454,0.004475115770670888,0.0,0.0,-0.0,2936.844970703125,True,0.0,947,5.409025884667082e-06,0.00012136396395523676,-8.969038335698913e-08,True,948,114.32257838159525,705.9571620638334,114.32246363224216,37.699180603027344,1.1873431503772736e-05,0.0007233648706119941,3.1495197810264544e-07,35.17360626637163,-0.015036590588049466,42.37398895673225,33.2112,33.2112,2949.155517578125,True,0.0,947,0.0008591930547049501,0.0005850128724244038,3.0004702934293623e-07,True,948,114.32255383300249,705.959998316102,114.3224390836494,37.69918441772461,1.1874362826347351e-05,0.0007230487233934555,3.1497665028435256e-07,35.28205475690657,-0.09373590919814004,42.37398895673225,33.2112,33.2112,2949.169921875,True,0.0,947,0.0008673580173744922,0.0005868137950580313,1.8709274009061927e-06,True,948
5.950000000000,714,held_throttle,0.0,0.15,0.0,1,-0.07881303131580353,234.85125732421875,0.4186876714229584,0.023352064192295074,37.671512603759766,0.006689171772450209,1.0045240742329042e-05,asphalt,0.0,0.15,0.0,3557.4130903208134,5,-0.5534361600875854,-4.5856242650188506e-05,596.1859523851017,160.0,-0.0,6013.262870669751,5758.737129330249,1.1957073411394958e-06,1.5779061517594634e-05,False,-0.0,True,0,0,-0.015343405306339264,37.6715087890625,0.08174857497215271,False,True,-0.9192613959312439,235.95095825195312,-3.725290298461914e-09,0.0,0.0,1.0,2936.822998046875,2936.822998046875,0.33881619572639465,0.061183810234069824,0.0,asphalt,True,0.7607384920120239,235.95166015625,1.862645149230957e-08,0.0,0.0,1.0,2936.834716796875,2936.834716796875,0.33881595730781555,0.061184048652648926,0.0,asphalt,True,-0.9183647036552429,233.75096130371094,-2.2351741790771484e-08,0.0,0.0,1.0,2949.163330078125,2949.163330078125,0.33855941891670227,0.06144058704376221,0.0,asphalt,True,0.7616351246833801,233.75164794921875,1.4901161193847656e-08,0.0,0.0,1.0,2949.180908203125,2949.180908203125,0.3385590612888336,0.06144094467163086,0.0,asphalt,954,114.18578959269078,711.9034518382227,114.18567554370682,37.67150115966797,9.218230843544006e-06,0.000260393284525922,2.4470038516577846e-07,7.228702777927616,-0.011490205339593693,0.0,0.0,-0.0,2936.823486328125,True,0.0,953,5.319343009850114e-06,0.00012073188287337309,2.3028809869241054e-07,True,954,114.18579644258995,711.9055750557295,114.18568239360599,37.671504974365234,9.218230843544006e-06,0.00026035200069988746,2.4470036038689347e-07,7.256346950356009,0.004499723468915793,0.0,0.0,-0.0,2936.835205078125,True,0.0,953,5.38741346554372e-06,0.00012119310576065729,-9.018386769666745e-08,True,954,114.23864623244614,711.6709817666365,114.23853218346218,37.67150115966797,1.184362918138504e-05,0.0007234141512904691,3.143922810823565e-07,35.17661037407549,-0.015002895078406199,42.378328280052685,33.2112,33.2112,2949.16259765625,True,0.0,953,0.0008608080351157338,0.0005850614109822952,2.9937365027570855e-07,True,954,114.23862166356413,711.6738188789892,114.23850761458017,37.671504974365234,1.184362918138504e-05,0.0007230975940426966,3.1439224924632084e-07,35.28512465739456,-0.09376574088818615,42.378328280052685,33.2112,33.2112,2949.1767578125,True,0.0,953,0.0008690391296537731,0.0005868634709634038,1.8715185931371929e-06,True,954
6.000000000000,720,held_throttle,0.0,0.15,0.0,1,-0.07957994192838669,236.73403930664062,0.4186876714229584,0.023355524986982346,37.64387130737305,0.006692411378026009,9.977730769605841e-06,asphalt,0.0,0.15,0.0,3554.7995655952236,5,-0.5525206327438354,-4.5963519369252026e-05,595.3112417870911,160.0,-0.0,6013.096933112762,5758.903066887238,1.19500157325092e-06,1.5760922753074724e-05,False,-0.0,True,0,0,-0.015334434807300568,37.64386749267578,0.0817485898733139,False,True,-0.9200283288955688,237.833740234375,2.60770320892334e-08,0.0,0.0,1.0,2936.818603515625,2936.818603515625,0.3388163149356842,0.06118369102478027,0.0,asphalt,True,0.7599714398384094,237.8344268798828,1.862645149230957e-08,0.0,0.0,1.0,2936.83544921875,2936.83544921875,0.33881595730781555,0.061184048652648926,0.0,asphalt,True,-0.9191315770149231,235.6337432861328,3.3527612686157227e-08,0.0,0.0,1.0,2949.1708984375,2949.1708984375,0.33855924010276794,0.06144076585769653,0.0,asphalt,True,0.7608683109283447,235.63442993164062,1.4901161193847656e-08,0.0,0.0,1.0,2949.179443359375,2949.179443359375,0.3385590612888336,0.06144094467163086,0.0,asphalt,960,114.10197330724903,717.6104313964275,114.10185880842899,37.64385986328125,9.203329682350159e-06,0.0002601042546245167,2.4448421909377923e-07,7.2174649280958745,-0.011508973239574572,0.0,0.0,-0.0,2936.817138671875,True,0.0,959,5.30081173995185e-06,0.00012054445133992391,2.3066474263800152e-07,True,960,114.1019801385293,717.6125555026952,114.10186563970926,37.643863677978516,9.20519232749939e-06,0.0002600627772934625,2.4453367502986153e-07,7.245131855119111,0.004468451322544497,0.0,0.0,-0.0,2936.833984375,True,0.0,959,5.37551822858296e-06,0.00012100584464976233,-8.955714630364949e-08,True,960,114.15481625885394,717.3806076506967,114.1547017600339,37.64385986328125,1.1827796697616577e-05,0.0007233451149654843,3.142025483192629e-07,35.17865652411674,-0.015021628665605278,42.382661851834406,33.2112,33.2112,2949.17333984375,True,0.0,959,0.0008623735101086373,0.0005850932890173408,2.99746330691515e-07,True,960,114.1547917065271,717.3834456211064,114.15467720770707,37.643863677978516,1.1828728020191193e-05,0.0007230284704104521,3.142272568347057e-07,35.28718370100623,-0.09384833603787457,42.382661851834406,33.2112,33.2112,2949.18115234375,True,0.0,959,0.0008705932379209585,0.0005868968202695868,1.8731644171363167e-06,True,960
6.050000000000,726,held_throttle,0.0,0.15,0.0,1,-0.08034640550613403,238.6154327392578,0.4186876714229584,0.02335897646844387,37.616268157958984,0.006692645605653524,1.0148290130018722e-05,asphalt,0.0,0.15,0.0,3552.189453426899,5,-0.5516051054000854,-4.562355752568692e-05,594.4383788400376,160.0,-0.0,6012.9287843653965,5759.0712156346035,1.1944122206841712e-06,1.5748233448602794e-05,False,-0.0,True,0,0,-0.015325463376939297,37.61626434326172,0.08174871653318405,False,True,-0.9207949042320251,239.7151336669922,2.60770320892334e-08,0.0,0.0,1.0,2936.823486328125,2936.823486328125,0.3388163149356842,0.06118369102478027,0.0,asphalt,True,0.7592049241065979,239.7158203125,1.862645149230957e-08,0.0,0.0,1.0,2936.8408203125,2936.8408203125,0.33881595730781555,0.061184048652648926,0.0,asphalt,True,-0.9198979735374451,237.51515197753906,3.3527612686157227e-08,0.0,0.0,1.0,2949.164306640625,2949.164306640625,0.33855924010276794,0.06144076585769653,0.0,asphalt,True,0.760101854801178,237.51583862304688,-3.725290298461914e-09,0.0,0.0,1.0,2949.176025390625,2949.176025390625,0.33855900168418884,0.061441004276275635,0.0,asphalt,966,114.01827411314339,723.3132232727029,114.01815910397313,37.61625671386719,9.17632132768631e-06,0.0002598276469793258,2.4394562695291495e-07,7.2070167593750885,-0.011458802884043643,0.0,0.0,-0.0,2936.824951171875,True,0.0,965,5.286996061070269e-06,0.00012036962770060369,2.2965860832244875e-07,True,966,114.0182809269422,723.3153482669892,114.01816591777194,37.61626052856445,9.177252650260925e-06,0.00025978598587848807,2.439703607245027e-07,7.234696725849097,0.004507613898712483,0.0,0.0,-0.0,2936.842529296875,True,0.0,965,5.353457076690538e-06,0.0001208312085632743,-9.034177886610628e-08,True,966,114.07110368823218,723.0860451758365,114.07098867906193,37.61625671386719,1.1798925697803497e-05,0.0007232910881163156,3.136655990933157e-07,35.181364061774566,-0.014972434739415489,42.38698971320154,33.2112,33.2112,2949.162841796875,True,0.0,965,0.000863982996438185,0.0005851403820224702,2.987654094282343e-07,True,966,114.07107912293704,723.0888840097194,114.07096411376678,37.61626052856445,1.1799857020378113e-05,0.0007229740974417399,3.1369032579454127e-07,35.29001226431181,-0.09386257656296515,42.38698971320154,33.2112,33.2112,2949.1748046875,True,0.0,965,0.0008722336952287886,0.0005869451061328125,1.8734527948524864e-06,True,966
6.100000000000,732,held_throttle,0.0,0.15,0.0,1,-0.08111242204904556,240.49542236328125,0.4186876714229584,0.023362427949905396,37.58869934082031,0.006693531293421984,1.0366608876211103e-05,asphalt,0.0,0.15,0.0,3549.5828369832357,5,-0.5511473417282104,-4.547012213151902e-05,593.5673608897067,160.0,-0.0,6012.758714506298,5759.241285493702,1.1937910358028603e-06,1.5731191657971532e-05,False,-0.0,True,0,0,-0.015316505916416645,37.58869552612305,0.08174873143434525,False,True,-0.9215610027313232,241.5951385498047,2.60770320892334e-08,0.0,0.0,1.0,2936.8212890625,2936.8212890625,0.3388163149356842,0.06118369102478027,0.0,asphalt,True,0.7584388852119446,241.59580993652344,-7.450580596923828e-09,0.0,0.0,1.0,2936.83642578125,2936.83642578125,0.3388160169124603,0.06118398904800415,0.0,asphalt,True,-0.9206638932228088,239.39512634277344,3.3527612686157227e-08,0.0,0.0,1.0,2949.165283203125,2949.165283203125,0.33855924010276794,0.06144076585769653,0.0,asphalt,True,0.7593358755111694,239.3958282470703,-3.725290298461914e-09,0.0,0.0,1.0,2949.177734375,2949.177734375,0.33855900168418884,0.061441004276275635,0.0,asphalt,972,113.93468665901885,729.0118332737416,113.93457191064074,37.588687896728516,9.136274456977844e-06,0.00025961802057367295,2.430591480628093e-07,7.194506342649927,-0.011414965923280729,0.0,0.0,-0.0,2936.8212890625,True,0.0,971,5.263797201197964e-06,0.00012016083148115392,2.2878030675608094e-07,True,972,113.93469347669858,729.0139591559089,113.93457872832047,37.58869171142578,9.13720577955246e-06,0.00025957636300996114,2.4308390006494576e-07,7.222202567122892,0.0045346856358776735,0.0,0.0,-0.0,2936.83642578125,True,0.0,971,5.332954929754652e-06,0.00012062278592683613,-9.08845362832283e-08,True,972,113.98750265340752,728.7873001546473,113.98738790502941,37.588687896728516,1.17570161819458e-05,0.0007233021533143978,3.1278070184962945e-07,35.18206644067893,-0.014928903980416821,42.3913118497328,33.2112,33.2112,2949.165283203125,True,0.0,971,0.0008654573176155103,0.0005851515563423638,2.978962155122412e-07,True,972,113.98747805419094,728.7901398514584,113.98736330581283,37.58869171142578,1.1758878827095032e-05,0.0007229846323428861,3.1283022344510913e-07,35.29078168974772,-0.09387833894107706,42.3913118497328,33.2112,33.2112,2949.177734375,True,0.0,971,0.0008737269173991148,0.0005869572966593985,1.8737656356850185e-06,True,972
6.150000000000,738,held_throttle,0.0,0.15,0.0,1,-0.08187799155712128,242.37403869628906,0.4186876714229584,0.02336588129401207,37.56116485595703,0.0066944994032382965,1.0685922461561859e-05,asphalt,0.0,0.15,0.0,3546.979634859102,5,-0.5502318143844604,-4.535348853096366e-05,592.6979445382068,160.0,-0.0,6012.597258488493,5759.402741511507,1.1932489769606036e-06,1.5729598488152796e-05,False,-0.0,True,0,0,-0.015307549387216568,37.561161041259766,0.08174876123666763,False,True,-0.9223266243934631,243.4737548828125,2.60770320892334e-08,0.0,0.0,1.0,2936.822265625,2936.822265625,0.3388163149356842,0.06118369102478027,0.0,asphalt,True,0.7576732039451599,243.4744415283203,-7.450580596923828e-09,0.0,0.0,1.0,2936.83740234375,2936.83740234375,0.3388160169124603,0.06118398904800415,0.0,asphalt,True,-0.9214293956756592,241.27374267578125,3.3527612686157227e-08,0.0,0.0,1.0,2949.164306640625,2949.164306640625,0.33855924010276794,0.06144076585769653,0.0,asphalt,True,0.7585703730583191,241.27444458007812,2.2351741790771484e-08,0.0,0.0,1.0,2949.179443359375,2949.179443359375,0.33855894207954407,0.06144106388092041,0.0,asphalt,978,113.85119885098044,734.7062666240421,113.85108409886976,37.561153411865234,9.142793715000153e-06,0.00025936927046647383,2.4341088823198504e-07,7.185722867781113,-0.011417302566015503,0.0,0.0,-0.0,2936.8212890625,True,0.0,977,5.246162432105159e-06,0.00012001413177875923,2.2882713611558392e-07,True,978,113.85120566169579,734.7083933943377,113.85109090958511,37.5611572265625,9.143725037574768e-06,0.0002593275212037467,2.4343565834303764e-07,7.213436100594353,0.004524711410951118,0.0,0.0,-0.0,2936.836669921875,True,0.0,977,5.319338687311098e-06,0.00012047636096102354,-9.068462395258845e-08,True,978,113.90400128179526,734.4843778064645,113.90388652968458,37.561153411865234,1.1763535439968109e-05,0.0007232741452136189,3.1318355192606326e-07,35.18647583415266,-0.01493257111485073,42.395628270617074,33.2112,33.2112,2949.1650390625,True,0.0,977,0.000867207537338385,0.0005852249209609637,2.979692886728732e-07,True,978,113.90397662092823,734.4872183654447,113.90386186881756,37.5611572265625,1.1763535439968109e-05,0.0007229558498429884,3.1318352011925733e-07,35.29527281185653,-0.09394918125848098,42.395628270617074,33.2112,33.2112,2949.180419921875,True,0.0,977,0.0008755123773450406,0.0005870314368463781,1.8751779935022083e-06,True,978
6.200000000000,744,held_throttle,0.0,0.15,0.0,1,-0.08264311403036118,244.25128173828125,0.4186876714229584,0.023369332775473595,37.533668518066406,0.006695943884551525,1.0856083463295363e-05,asphalt,0.0,0.15,0.0,3544.379799354746,5,-0.5497740507125854,-4.5646957005374134e-05,591.8304885239658,160.0,-0.0,6012.426912943398,5759.573087056602,1.192695094687224e-06,1.5721716334937887e-05,False,-0.0,True,0,0,-0.015298612415790558,37.53366470336914,0.08174869418144226,False,True,-0.9230917692184448,245.3509979248047,0.0,0.0,0.0,1.0,2936.818115234375,2936.818115234375,0.338816374540329,0.0611836314201355,0.0,asphalt,True,0.7569080591201782,245.35166931152344,3.725290298461914e-09,0.0,0.0,1.0,2936.83251953125,2936.83251953125,0.3388160765171051,0.061183929443359375,0.0,asphalt,True,-0.9221944808959961,243.15098571777344,3.3527612686157227e-08,0.0,0.0,1.0,2949.166748046875,2949.166748046875,0.33855924010276794,0.06144076585769653,0.0,asphalt,True,0.7578054070472717,243.15167236328125,2.2351741790771484e-08,0.0,0.0,1.0,2949.181396484375,2949.181396484375,0.33855894207954407,0.06144106388092041,0.0,asphalt,984,113.76782964398507,740.396528722269,113.76771477543724,37.53365707397461,9.150244295597076e-06,0.00025914630490954236,2.437877097231105e-07,7.172440711751252,-0.011446665271641477,0.0,0.0,-0.0,2936.817626953125,True,0.0,983,5.219677399218955e-06,0.00011979244545194162,2.2941590953313173e-07,True,984,113.76783645418816,740.3986563810328,113.76772158564033,37.533660888671875,9.151175618171692e-06,0.00025910452058124013,2.4381249794190605e-07,7.200172289651794,0.004477553002955105,0.0,0.0,-0.0,2936.83251953125,True,0.0,983,5.287327991370994e-06,0.00012025500284394267,-8.97395995505824e-08,True,984,113.82061847745602,740.1772835300484,113.8205036089082,37.53365707397461,1.1769123375415802e-05,0.0007232714769141496,3.135618613507285e-07,35.186367511220915,-0.014961988275937779,42.39993902536781,33.2112,33.2112,2949.16650390625,True,0.0,983,0.0008686105549684789,0.0005852228050910595,2.9855615629624334e-07,True,984,113.82059376932615,740.1801249487204,113.82047890077833,37.533660888671875,1.1770054697990417e-05,0.0007229525328275078,3.135866424780957e-07,35.29521031868853,-0.09403572425685161,42.39993902536781,33.2112,33.2112,2949.18115234375,True,0.0,983,0.0008769259994031274,0.0005870302280345696,1.8769049140615253e-06,True,984
6.250000000000,750,held_throttle,0.0,0.15,0.0,1,-0.08340778946876526,246.1271514892578,0.4186876714229584,0.02337278425693512,37.50621032714844,0.0066971019841730595,1.0866448974411469e-05,asphalt,0.0,0.15,0.0,3541.7834357452107,5,-0.5488585233688354,-4.5530134229920805e-05,590.9647495439593,160.0,-0.0,6012.260125479371,5759.739874520629,1.1920802762688254e-06,1.5703325293405187e-05,False,-0.0,True,0,0,-0.015289691276848316,37.50620651245117,0.0817486122250557,False,True,-0.9238565564155579,247.22686767578125,1.4901161193847656e-08,0.0,0.0,1.0,2936.816650390625,2936.816650390625,0.33881643414497375,0.06118357181549072,0.0,asphalt,True,0.7561432719230652,247.2275390625,3.725290298461914e-09,0.0,0.0,1.0,2936.83349609375,2936.83349609375,0.3388160765171051,0.061183929443359375,0.0,asphalt,True,-0.9229590892791748,245.02685546875,1.862645149230957e-08,0.0,0.0,1.0,2949.16650390625,2949.16650390625,0.33855924010276794,0.06144076585769653,0.0,asphalt,True,0.7570406794548035,245.02755737304688,2.2351741790771484e-08,0.0,0.0,1.0,2949.180419921875,2949.180419921875,0.33855894207954407,0.06144106388092041,0.0,asphalt,990,113.68456832670657,746.0826253528747,113.68445350842833,37.50619888305664,9.153969585895538e-06,0.00025885493720123186,2.4406551072896503e-07,7.161160769212286,-0.011450845055490344,0.0,0.0,-0.0,2936.81982421875,True,0.0,989,5.199718443491664e-06,0.00011960396052609055,2.2949950703353305e-07,True,990,113.68457513128399,746.0847539000389,113.68446031300576,37.506202697753906,9.154900908470154e-06,0.0002588130728146752,2.440903170668947e-07,7.188907660602007,0.004459523875211866,0.0,0.0,-0.0,2936.833984375,True,0.0,989,5.274031825548393e-06,0.00012006680411471578,-8.93782127666053e-08,True,990,113.73734357380674,745.8660231082175,113.7372287555285,37.50619888305664,1.1770986020565033e-05,0.0007232003537377544,3.1384108150405423e-07,35.18823194516829,-0.014966389339769737,42.40424410585095,33.2112,33.2112,2949.166015625,True,0.0,989,0.000870171939078903,0.0005852538887663621,2.986439160251407e-07,True,990,113.73731885227467,745.8688653867507,113.73720403399643,37.506202697753906,1.1771917343139648e-05,0.0007228810582404423,3.138658807452196e-07,35.29714107809474,-0.09410340261481265,42.40424410585095,33.2112,33.2112,2949.18017578125,True,0.0,989,0.0008785000179037808,0.000587062512117645,1.8782564258984454e-06,True,990
6.300000000000,756,held_throttle,0.0,0.15,0.0,1,-0.08417201787233353,248.00164794921875,0.4186876714229584,0.023376235738396645,37.478782653808594,0.006698397919535637,1.0582985851215199e-05,asphalt,0.0,0.15,0.0,3539.190480165549,5,-0.5484007596969604,-4.615873331204057e-05,590.100725221918,160.0,-0.0,6012.09616493098,5759.90383506902,1.1914154356418294e-06,1.567020245022578e-05,False,-0.0,True,0,0,-0.01528079528361559,37.47877883911133,0.08174854516983032,False,True,-0.9246208071708679,249.1013641357422,1.4901161193847656e-08,0.0,0.0,1.0,2936.81689453125,2936.81689453125,0.33881643414497375,0.06118357181549072,0.0,asphalt,True,0.7553790211677551,249.10203552246094,3.725290298461914e-09,0.0,0.0,1.0,2936.83251953125,2936.83251953125,0.3388160765171051,0.061183929443359375,0.0,asphalt,True,-0.9237232804298401,246.9013671875,0.0,0.0,0.0,1.0,2949.17138671875,2949.17138671875,0.33855918049812317,0.06144082546234131,0.0,asphalt,True,0.7562766075134277,246.90203857421875,7.450580596923828e-09,0.0,0.0,1.0,2949.184326171875,2949.184326171875,0.3385588824748993,0.061441123485565186,0.0,asphalt,996,113.60141350951895,751.7645618386904,113.60129879642923,37.4787712097168,9.16793942451477e-06,0.00025868640063479964,2.4461686252236826e-07,7.151134606550269,-0.011494406391796419,0.0,0.0,-0.0,2936.817138671875,True,0.0,995,5.184396568214207e-06,0.0001194366147826599,2.3037277681958432e-07,True,996,113.60142029775196,751.7666912737888,113.60130558466224,37.47877502441406,9.169802069664001e-06,0.0002586443617158936,2.446665362912879e-07,7.178897472284065,0.004403937355028776,0.0,0.0,-0.0,2936.833251953125,True,0.0,995,5.257239952969396e-06,0.00011989964668001494,-8.826416705600358e-08,True,996,113.65417510850143,751.5506018629933,113.65406039541172,37.4787712097168,1.178402453660965e-05,0.0007232514624612178,3.14418647043426e-07,35.191357198626115,-0.015013316391417241,42.40854351045552,33.2112,33.2112,2949.16796875,True,0.0,995,0.0008718316096123832,0.0005853054585524988,2.995801927948079e-07,True,996,113.65415038123147,751.5534450021113,113.65403566814176,37.47877502441406,1.178588718175888e-05,0.0007229318827703996,3.144683137077197e-07,35.300331224149595,-0.0942155971039137,42.40854351045552,33.2112,33.2112,2949.18115234375,True,0.0,995,0.0008801796884841272,0.0005871153540025463,1.8804951946519568e-06,True,996
6.350000000000,762,held_throttle,0.0,0.15,0.0,1,-0.08493579924106598,249.87477111816406,0.4186876714229584,0.023379677906632423,37.451393127441406,0.00670027919113636,1.020894524117466e-05,asphalt,0.0,0.15,0.0,3536.600875077091,5,-0.5474852323532104,-4.5371067244559526e-05,589.2384131845424,160.0,-0.0,6011.934258775684,5760.065741224316,1.1907833368240972e-06,1.562439264994278e-05,False,-0.0,True,0,0,-0.01527190301567316,37.45138931274414,0.0817485824227333,False,True,-0.9253846406936646,250.9744873046875,1.4901161193847656e-08,0.0,0.0,1.0,2936.815185546875,2936.815185546875,0.33881643414497375,0.06118357181549072,0.0,asphalt,True,0.7546151280403137,250.97515869140625,2.2351741790771484e-08,0.0,0.0,1.0,2936.82861328125,2936.82861328125,0.3388161361217499,0.0611838698387146,0.0,asphalt,True,-0.9244868755340576,248.77447509765625,0.0,0.0,0.0,1.0,2949.171630859375,2949.171630859375,0.33855918049812317,0.06144082546234131,0.0,asphalt,True,0.7555128931999207,248.77516174316406,7.450580596923828e-09,0.0,0.0,1.0,2949.185302734375,2949.185302734375,0.3385588824748993,0.061441123485565186,0.0,asphalt,1002,113.51836337255746,757.4423434104507,113.51824861851865,37.45138168334961,9.106472134590149e-06,0.00025842116256714095,2.431545039268494e-07,7.141426090968233,-0.011427112663274204,0.0,0.0,-0.0,2936.8154296875,True,0.0,1001,5.167079964117616e-06,0.00011927453440268586,2.2902419803076151e-07,True,1002,113.51837016831918,757.4444737337969,113.51825541428038,37.451385498046875,9.106472134590149e-06,0.0002583791592692201,2.431544791597865e-07,7.169206781209075,0.004463042115272615,0.0,0.0,-0.0,2936.828857421875,True,0.0,1001,5.241259587934058e-06,0.00011973797462380956,-8.94488784103916e-08,True,1002,113.57111123663134,757.2310250202265,113.57099648259253,37.45138168334961,1.1721625924110413e-05,0.0007232049532306889,3.129824694644393e-07,35.19476791616619,-0.014945198747348088,42.41283727726812,33.2112,33.2112,2949.171630859375,True,0.0,1001,0.000873542512119494,0.0005853614365516776,2.982201343226983e-07,True,1002,113.57108648892347,757.2338690207686,113.57097173488467,37.451385498046875,1.1721625924110413e-05,0.0007228849597376597,3.1298243758488783e-07,35.303813054870695,-0.09421042997273789,42.41283727726812,33.2112,33.2112,2949.18505859375,True,0.0,1001,0.0008818907654519876,0.0005871724638128726,1.8803897035068178e-06,True,1002
6.400000000000,768,held_throttle,0.0,0.15,0.0,1,-0.08569913357496262,251.7465362548828,0.4186876714229584,0.023383120074868202,37.42401885986328,0.006701623555272818,1.015154612105107e-05,asphalt,0.0,0.15,0.0,3534.0144309676493,5,-0.5470274686813354,-4.532889579422772e-05,588.3773313250011,160.0,-0.0,6011.794126904867,5760.205873095133,1.1903704262294923e-06,1.560028831895579e-05,False,-0.0,True,0,0,-0.01526300422847271,37.424015045166016,0.08174856007099152,False,True,-0.9261481165885925,252.84625244140625,1.4901161193847656e-08,0.0,0.0,1.0,2936.81640625,2936.81640625,0.33881643414497375,0.06118357181549072,0.0,asphalt,True,0.7538517117500305,252.846923828125,-3.725290298461914e-09,0.0,0.0,1.0,2936.82763671875,2936.82763671875,0.33881619572639465,0.061183810234069824,0.0,asphalt,True,-0.9252501726150513,250.64625549316406,0.0,0.0,0.0,1.0,2949.170166015625,2949.170166015625,0.33855918049812317,0.06144082546234131,0.0,asphalt,True,0.754749596118927,250.64694213867188,-7.450580596923828e-09,0.0,0.0,1.0,2949.187255859375,2949.187255859375,0.3385588228702545,0.06144118309020996,0.0,asphalt,1008,113.4353784651044,763.1159745070028,113.43526387222079,37.424007415771484,9.049661457538605e-06,0.0002583228889832722,2.418143347664221e-07,7.135599954801644,-0.011353809326672017,0.0,0.0,-0.0,2936.816650390625,True,0.0,1007,5.166462275454854e-06,0.00011917717762451454,2.2755494623717623e-07,True,1008,113.43538526549966,763.1181057193025,113.43527067261604,37.42401123046875,9.05059278011322e-06,0.0002582808958296173,2.418391958140635e-07,7.163398855828636,0.004534327442846425,0.0,0.0,-0.0,2936.828125,True,0.0,1007,5.2365400858834835e-06,0.00011964100188205166,-9.087760479125766e-08,True,1008,113.4881126576028,762.9072970209768,113.48799806471918,37.424007415771484,1.1663883924484253e-05,0.000723326097515523,3.116684911613287e-07,35.2020445038284,-0.014872977758182332,42.4171254808328,33.2112,33.2112,2949.169921875,True,0.0,1007,0.0008754982239921946,0.0005854827808932459,2.967787024398695e-07,True,1008,113.48808781271241,762.9101418816256,113.48797321982879,37.42401123046875,1.1664815247058868e-05,0.0007230050130039716,3.116933450886094e-07,35.31116088820688,-0.0942134781798634,42.4171254808328,33.2112,33.2112,2949.18701171875,True,0.0,1007,0.0008838897776503674,0.0005872942637837544,1.8804494651938884e-06,True,1008
6.450000000000,774,held_throttle,0.0,0.15,0.0,1,-0.08646202087402344,253.61695861816406,0.4186876714229584,0.02338656224310398,37.39667892456055,0.006703998427838087,1.0328275493520778e-05,asphalt,0.0,0.15,0.0,3531.430729227888,5,-0.5465697050094604,-4.5398424845188856e-05,587.5179577131933,160.0,-0.0,6011.648424723875,5760.351575276125,1.1897974445673754e-06,1.5576601147820556e-05,False,-0.0,True,0,0,-0.015254116617143154,37.39667510986328,0.0817486047744751,False,True,-0.9269110560417175,254.7166748046875,-3.725290298461914e-08,0.0,0.0,1.0,2936.80419921875,2936.80419921875,0.3388166129589081,0.061183393001556396,0.0,asphalt,True,0.7530888319015503,254.71734619140625,-3.725290298461914e-09,0.0,0.0,1.0,2936.8251953125,2936.8251953125,0.33881619572639465,0.061183810234069824,0.0,asphalt,True,-0.9260129928588867,252.5166778564453,2.60770320892334e-08,0.0,0.0,1.0,2949.174560546875,2949.174560546875,0.3385591208934784,0.061440885066986084,0.0,asphalt,True,0.7539867758750916,252.51736450195312,-7.450580596923828e-09,0.0,0.0,1.0,2949.18994140625,2949.18994140625,0.3385588228702545,0.06144118309020996,0.0,asphalt,1014,113.35248527299007,768.7854586393471,113.35237100233678,37.39666748046875,9.031035006046295e-06,0.00025811550248458194,2.414930424151505e-07,7.123290089930701,-0.011276825249894122,0.0,0.0,-0.0,2936.814208984375,True,0.0,1013,5.139877389469833e-06,0.00011897167954416902,2.2601220586410924e-07,True,1014,113.35249206306389,768.7875907408066,113.3523777924106,37.396671295166016,9.03196632862091e-06,0.0002580733875722063,2.415179216709651e-07,7.151106381658508,0.004595213522770435,0.0,0.0,-0.0,2936.82666015625,True,0.0,1013,5.209845753808243e-06,0.0001194357557244414,-9.209793102315477e-08,True,1014,113.40520567893516,768.5794213715582,113.40509140828188,37.39666748046875,1.1643394827842712e-05,0.0007233370084108032,3.113484599643367e-07,35.202813265177134,-0.014796787599583649,42.42140840486452,33.2112,33.2112,2949.17333984375,True,0.0,1013,0.0008769931803406642,0.0005854948648642468,2.952575699543297e-07,True,1014,113.40518084412275,768.5822670910953,113.40506657346947,37.396671295166016,1.1644326150417328e-05,0.0007230157780912615,3.113733320944564e-07,35.311987750755925,-0.09419600034593123,42.42140840486452,33.2112,33.2112,2949.188232421875,True,0.0,1013,0.0008854031355725595,0.0005873077493329336,1.8800999557133546e-06,True,1014
6.500000000000,780,held_throttle,0.0,0.15,0.0,1,-0.08722446858882904,255.4860076904297,0.4186876714229584,0.02339000254869461,37.3693733215332,0.006706539541482925,1.003627767204307e-05,asphalt,0.0,0.15,0.0,3528.849913966854,5,-0.5456541776657104,-4.550453741103411e-05,586.6601702244432,160.0,-0.0,6011.504428910399,5760.495571089601,1.1892308293681708e-06,1.5545331855527173e-05,False,-0.0,True,0,0,-0.015245244838297367,37.36936950683594,0.08174853771924973,False,True,-0.9276735782623291,256.5857238769531,3.725290298461914e-09,0.0,0.0,1.0,2936.808349609375,2936.808349609375,0.3388165533542633,0.06118345260620117,0.0,asphalt,True,0.7523263096809387,256.58642578125,7.450580596923828e-09,0.0,0.0,1.0,2936.8212890625,2936.8212890625,0.33881625533103943,0.06118375062942505,0.0,asphalt,True,-0.9267754554748535,254.38571166992188,1.4901161193847656e-08,0.0,0.0,1.0,2949.1796875,2949.1796875,0.3385590612888336,0.06144094467163086,0.0,asphalt,True,0.7532243728637695,254.3863983154297,1.862645149230957e-08,0.0,0.0,1.0,2949.19287109375,2949.19287109375,0.33855876326560974,0.061441242694854736,0.0,asphalt,1020,113.26969139627091,774.4508008230114,113.26957718610267,37.369361877441406,9.052455425262451e-06,0.0002578658784595623,2.422427082097682e-07,7.114534611480134,-0.011390108520610249,0.0,0.0,-0.0,2936.8076171875,True,0.0,1019,5.126397190710076e-06,0.00011882571373582426,2.2828315714780116e-07,True,1020,113.26969815738917,774.4529338120122,113.26958394722092,37.36936569213867,9.053386747837067e-06,0.0002578234770996159,2.4226760556820035e-07,7.142363389613974,0.0044746243454334665,0.0,0.0,-0.0,2936.823486328125,True,0.0,1019,5.200360654061078e-06,0.00011928986121582091,-8.968116998784303e-08,True,1020,113.32239795279736,774.2474030836358,113.32228374262911,37.369361877441406,1.1663883924484253e-05,0.0007233050184364628,3.1212424666863147e-07,35.20712902594756,-0.014909207421041267,42.425686262516265,33.2112,33.2112,2949.17724609375,True,0.0,1019,0.0008787687728966824,0.0005855658472907862,2.975007977912121e-07,True,1020,113.3223731350113,774.2502496641207,113.32225892484306,37.36936569213867,1.1664815247058868e-05,0.0007229837037544853,3.1214913689349555e-07,35.31636930415711,-0.09438022873223068,42.425686262516265,33.2112,33.2112,2949.190185546875,True,0.0,1019,0.0008871996150990276,0.0005873802121133647,1.883775809460735e-06,True,1020
6.550000000000,786,held_throttle,0.0,0.15,0.0,1,-0.08798647671937943,257.3536682128906,0.4186876714229584,0.023393411189317703,37.34208297729492,0.006712490227073431,9.930448868544772e-06,asphalt,0.0,0.15,0.0,3526.271972228268,5,-0.5456541776657104,-4.5537002733908594e-05,585.8037274151939,160.0,-0.0,6011.372028658078,5760.627971341922,1.1764988130380516e-06,1.5482589073714594e-05,False,-0.0,True,0,0,-0.015236378647387028,37.342079162597656,0.08174875378608704,False,True,-0.9284356236457825,258.4533996582031,3.725290298461914e-08,0.0,0.0,1.0,2936.79833984375,2936.79833984375,0.3388166129589081,0.061183393001556396,0.0,asphalt,True,0.7515642046928406,258.4540710449219,0.0,0.0,0.0,1.0,2936.809814453125,2936.809814453125,0.338816374540329,0.0611836314201355,0.0,asphalt,True,-0.9275373220443726,256.2533874511719,2.2351741790771484e-08,0.0,0.0,1.0,2949.193603515625,2949.193603515625,0.33855894207954407,0.06144106388092041,0.0,asphalt,True,0.7524625062942505,256.2540588378906,-1.4901161193847656e-08,0.0,0.0,1.0,2949.2080078125,2949.2080078125,0.3385586440563202,0.06144136190414429,0.0,asphalt,1026,113.18696328841429,780.1120053165989,113.18685071372124,37.342071533203125,8.94349068403244e-06,0.00025778837590825147,2.395017286622694e-07,7.109942199158251,-0.011261152156603341,0.0,0.0,-0.0,2936.799072265625,True,0.0,1025,5.122084568977646e-06,0.00011874935733920355,2.2569924404142616e-07,True,1026,113.18697668391476,780.1141394144124,113.18686410922172,37.34207534790039,8.944422006607056e-06,0.0002578045730397192,2.3952664449620093e-07,7.135201544401274,0.004602421355069756,0.0,0.0,-0.0,2936.8134765625,True,0.0,1025,5.193665385007506e-06,0.00011917065177051768,-9.224280265913327e-08,True,1026,113.23966236986536,779.9112466322118,113.23954979517231,37.342071533203125,1.1526048183441162e-05,0.0007235016093957271,3.0866118857900746e-07,35.21303741668579,-0.014755904689061013,42.42995913693864,33.2112,33.2112,2949.19287109375,True,0.0,1025,0.0008806574678212383,0.0005856609917626929,2.944393495238934e-07,True,1026,113.23963753551028,779.914094074042,113.23952496081723,37.34207534790039,1.1527910828590393e-05,0.0007231799134464085,3.0871103764826504e-07,35.32233062877498,-0.09429397299777252,42.42995913693864,33.2112,33.2112,2949.204345703125,True,0.0,1025,0.0008891089245270482,0.0005874765185873397,1.8820453754788945e-06,True,1026
6.600000000000,792,held_throttle,0.0,0.15,0.0,1,-0.088748037815094,259.219970703125,0.4186876714229584,0.0233968123793602,37.3148307800293,0.006720668636262417,9.922398021444678e-06,asphalt,0.0,0.15,0.0,3523.6966150243784,5,-0.5447386503219604,-4.5195542043074965e-05,584.9488668796901,160.0,-0.0,6011.236722893246,5760.763277106754,1.177166382149153e-06,1.5412386045552666e-05,False,-0.0,True,0,0,-0.015227518044412136,37.31482696533203,0.08174896240234375,False,True,-0.9291972517967224,260.3197021484375,-1.862645149230957e-08,0.0,0.0,1.0,2936.78857421875,2936.78857421875,0.3388167917728424,0.06118321418762207,0.0,asphalt,True,0.7508025765419006,260.32037353515625,3.725290298461914e-09,0.0,0.0,1.0,2936.800048828125,2936.800048828125,0.3388165533542633,0.06118345260620117,0.0,asphalt,True,-0.9282988905906677,258.11968994140625,-2.60770320892334e-08,0.0,0.0,1.0,2949.20263671875,2949.20263671875,0.33855876326560974,0.061441242694854736,0.0,asphalt,True,0.7517009377479553,258.120361328125,-1.862645149230957e-08,0.0,0.0,1.0,2949.216552734375,2949.216552734375,0.33855846524238586,0.06144154071807861,0.0,asphalt,1032,113.1043268433979,785.7690757844988,113.10421428266741,37.3148193359375,8.897855877876282e-06,0.0002574988316921454,2.384536770169133e-07,7.098831319225209,-0.011222321524936229,0.0,0.0,-0.0,2936.788818359375,True,0.0,1031,5.104012869168618e-06,0.0001185641983389076,2.2492177337995093e-07,True,1032,113.10434034936927,785.7712110585842,113.10422778863878,37.314823150634766,8.898787200450897e-06,0.00025751601765072664,2.3847861115480993e-07,7.124159381114617,0.004630477217416238,0.0,0.0,-0.0,2936.800048828125,True,0.0,1031,5.1701930430903525e-06,0.00011898677152319057,-9.280552519260448e-08,True,1032,113.15701200125079,785.5709555192095,113.1568994405203,37.3148193359375,1.148320734500885e-05,0.0007234290546133327,3.077385218357237e-07,35.214986294495375,-0.014715214244922649,42.43422722321743,33.2112,33.2112,2949.199462890625,True,0.0,1031,0.0008822310505691688,0.0005856920734741563,2.936264348224815e-07,True,1032,113.15698711938302,785.5738038215507,113.15687455865253,37.314823150634766,1.148320734500885e-05,0.0007231067035400202,3.0773849037559077e-07,35.324362824330635,-0.09431747684165043,42.43422722321743,33.2112,33.2112,2949.21337890625,True,0.0,1031,0.0008907170645473823,0.0005875084950559209,1.882508830056299e-06,True,1032
6.650000000000,798,held_throttle,0.0,0.15,0.0,1,-0.08950915187597275,261.08489990234375,0.4186876714229584,0.02340022288262844,37.2876091003418,0.006727871485054493,9.745062016008887e-06,asphalt,0.0,0.15,0.0,3521.124032744608,5,-0.5442808866500854,-4.5599794248119e-05,584.0957060184516,160.0,-0.0,6011.09531996804,5760.90468003196,1.1778248563132365e-06,1.5366508718828935e-05,False,-0.0,True,0,0,-0.015218661166727543,37.28760528564453,0.08174899965524673,False,True,-0.9299584031105042,262.18463134765625,-1.1175870895385742e-08,0.0,0.0,1.0,2936.782470703125,2936.782470703125,0.33881697058677673,0.061183035373687744,0.0,asphalt,True,0.7500414252281189,262.185302734375,3.725290298461914e-08,0.0,0.0,1.0,2936.798828125,2936.798828125,0.3388166129589081,0.061183393001556396,0.0,asphalt,True,-0.9290599226951599,259.984619140625,-1.4901161193847656e-08,0.0,0.0,1.0,2949.20361328125,2949.20361328125,0.3385586440563202,0.06144136190414429,0.0,asphalt,True,0.7509399652481079,259.98529052734375,3.725290298461914e-08,0.0,0.0,1.0,2949.219482421875,2949.219482421875,0.33855828642845154,0.06144171953201294,0.0,asphalt,1038,113.0217965786721,791.4220173196456,113.02168316567231,37.28759765625,8.966773748397827e-06,0.00025732992509335954,2.404760379325397e-07,7.088834325155966,-0.011263677957868446,0.0,0.0,-0.0,2936.782470703125,True,0.0,1037,5.086004357690827e-06,0.00011839748475152385,2.2575113829569303e-07,True,1038,113.0218100643014,791.4241537707059,113.02169665130162,37.287601470947266,8.967705070972443e-06,0.0002573469435859284,2.405009900666172e-07,7.114182581801881,0.004575797390443581,0.0,0.0,-0.0,2936.799072265625,True,0.0,1037,5.153520171321918e-06,0.00011882017944001842,-9.170964729219628e-08,True,1038,113.0744678138115,791.2265347774529,113.07435440081171,37.28759765625,1.1553056538105011e-05,0.0007234770809449488,3.0983644064739483e-07,35.21800851014922,-0.014764990164661266,42.43849063984881,33.2112,33.2112,2949.20361328125,True,0.0,1037,0.0008839027288318823,0.0005857414918628915,2.9461934214551806e-07,True,1038,113.07444287868506,791.2293839406591,113.07432946568528,37.287601470947266,1.1553987860679626e-05,0.0007231540231895312,3.098613856855764e-07,35.32746567771123,-0.09443372474747726,42.43849063984881,33.2112,33.2112,2949.219970703125,True,0.0,1037,0.0008923970691525161,0.000587558765419815,1.8848248831288361e-06,True,1038
6.700000000000,804,held_throttle,0.0,0.15,0.0,1,-0.09026982635259628,262.9485168457031,0.4186876714229584,0.023403635248541832,37.26042556762695,0.006732600275427103,9.347838386020157e-06,asphalt,0.0,0.15,0.0,3518.554395730556,5,-0.5433653593063354,-4.481121140997857e-05,583.2442424760013,160.0,-0.0,6010.949270797373,5761.050729202627,1.1782186675191042e-06,1.5312357189774762e-05,False,-0.0,True,0,0,-0.015209815464913845,37.26042175292969,0.08174881339073181,False,True,-0.9307190775871277,264.0482482910156,0.0,0.0,0.0,1.0,2936.7822265625,2936.7822265625,0.3388170301914215,0.06118297576904297,0.0,asphalt,True,0.7492806911468506,264.0489196777344,-1.862645149230957e-08,0.0,0.0,1.0,2936.793701171875,2936.793701171875,0.3388167917728424,0.06118321418762207,0.0,asphalt,True,-0.9298205375671387,261.8482360839844,0.0,0.0,0.0,1.0,2949.20458984375,2949.20458984375,0.33855852484703064,0.06144148111343384,0.0,asphalt,True,0.7501792907714844,261.8489074707031,2.2351741790771484e-08,0.0,0.0,1.0,2949.216064453125,2949.216064453125,0.33855828642845154,0.06144171953201294,0.0,asphalt,1044,112.93936805952983,797.070835047584,112.93925378424903,37.260414123535156,8.806586265563965e-06,0.000257037833179546,2.3635234531655975e-07,7.077624796851621,-0.011129480097640624,0.0,0.0,-0.0,2936.7822265625,True,0.0,1043,5.067703789452251e-06,0.00011821027293880412,2.2306151115238789e-07,True,1044,112.9393815685815,797.0729726761597,112.9392672933007,37.26041793823242,8.80751758813858e-06,0.00025705507156015695,2.3637731607677807e-07,7.10299143279938,0.004698655847219833,0.0,0.0,-0.0,2936.79345703125,True,0.0,1043,5.133779593925925e-06,0.0001186334926769368,-9.417218624550243e-08,True,1044,112.99202551420053,796.8779895379259,112.99191123891974,37.260414123535156,1.1393800377845764e-05,0.000723403021277748,3.0578834524140817e-07,35.219792498418876,-0.01463152719123142,42.4427493518223,33.2112,33.2112,2949.201416015625,True,0.0,1043,0.0008854808901039072,0.0005857715763212223,2.9195569495539845e-07,True,1044,112.9920005888731,796.8808395621677,112.9918863135923,37.26041793823242,1.139473170042038e-05,0.0007230798146269857,3.058133088928141e-07,35.32930434387731,-0.09436081860444168,42.4427493518223,33.2112,33.2112,2949.21533203125,True,0.0,1043,0.0008940073356553755,0.0005875902465,1.8833728643389128e-06,True,1044
6.750000000000,810,held_throttle,0.0,0.15,0.0,1,-0.0910300612449646,264.81072998046875,0.4186876714229584,0.023407047614455223,37.2332763671875,0.006736219394952059,9.472245437791571e-06,asphalt,0.0,0.15,0.0,3515.9878309625296,5,-0.5424498319625854,-4.45813057012856e-05,582.3944738998325,160.0,-0.0,6010.800169885503,5761.199830114497,1.178571551463392e-06,1.5291886792288547e-05,False,-0.0,True,0,0,-0.015200961381196976,37.233272552490234,0.08174868673086166,False,True,-0.9314794540405273,265.91046142578125,-7.450580596923828e-09,0.0,0.0,1.0,2936.77685546875,2936.77685546875,0.33881714940071106,0.06118285655975342,0.0,asphalt,True,0.7485203742980957,265.9111328125,-3.725290298461914e-09,0.0,0.0,1.0,2936.791015625,2936.791015625,0.3388168513774872,0.061183154582977295,0.0,asphalt,True,-0.9305806756019592,263.71044921875,-1.862645149230957e-08,0.0,0.0,1.0,2949.2080078125,2949.2080078125,0.33855846524238586,0.06144154071807861,0.0,asphalt,True,0.7494191527366638,263.71112060546875,3.725290298461914e-09,0.0,0.0,1.0,2949.219482421875,2949.219482421875,0.33855822682380676,0.061441779136657715,0.0,asphalt,1050,112.85704593583468,802.7155342445838,112.85693157952882,37.2332649230957,8.78702849149704e-06,0.0002567659792792855,2.3599940831528596e-07,7.067622279910485,-0.011086747045501685,0.0,0.0,-0.0,2936.77685546875,True,0.0,1049,5.051076315563275e-06,0.00011804342669779706,2.222054436667337e-07,True,1050,112.85705941570626,802.717673050781,112.8569450594004,37.23326873779297,8.78702849149704e-06,0.000256782971632983,2.3599938413620288e-07,7.093006047101761,0.0047304457544329855,0.0,0.0,-0.0,2936.7939453125,True,0.0,1049,5.1170972693568125e-06,0.00011846669760767731,-9.480931157207156e-08,True,1050,112.90968946110807,802.5253250790577,112.90957510480222,37.2332649230957,1.1375173926353455e-05,0.0007233477677983422,3.0551105173957246e-07,35.222816036742465,-0.014593162854018177,42.44700325824403,33.2112,33.2112,2949.207763671875,True,0.0,1049,0.00088715066989777,0.0005858205801057564,2.911892315061333e-07,True,1050,112.90966453475215,802.528175964654,112.9095501784463,37.23326873779297,1.1375173926353455e-05,0.0007230243163667824,3.055110204387436e-07,35.33238346020281,-0.09438636047812367,42.44700325824403,33.2112,33.2112,2949.2197265625,True,0.0,1049,0.0008956832634502847,0.0005876405597326107,1.8838799630492864e-06,True,1050
6.800000000000,816,held_throttle,0.0,0.15,0.0,1,-0.0917898491024971,266.6716003417969,0.4186876714229584,0.023410458117723465,37.2061653137207,0.0067391241900622845,9.603030775906518e-06,asphalt,0.0,0.15,0.0,3513.4245117438204,5,-0.5419920682907104,-4.4538319343701005e-05,581.5466364121614,160.0,-0.0,6010.638951212957,5761.361048787043,1.1788534948209417e-06,1.5279270407187995e-05,False,-0.0,True,0,0,-0.015192116610705853,37.20616149902344,0.0817485898733139,False,True,-0.932239294052124,267.77130126953125,-7.450580596923828e-09,0.0,0.0,1.0,2936.78076171875,2936.78076171875,0.33881714940071106,0.06118285655975342,0.0,asphalt,True,0.747760534286499,267.7720031738281,-2.9802322387695312e-08,0.0,0.0,1.0,2936.79052734375,2936.79052734375,0.33881697058677673,0.061183035373687744,0.0,asphalt,True,-0.9313404560089111,265.5713195800781,7.450580596923828e-09,0.0,0.0,1.0,2949.20703125,2949.20703125,0.3385584056377411,0.06144160032272339,0.0,asphalt,True,0.7486593723297119,265.5719909667969,1.4901161193847656e-08,0.0,0.0,1.0,2949.22216796875,2949.22216796875,0.3385581076145172,0.061441898345947266,0.0,asphalt,1056,112.77484551642836,808.3561206379143,112.77473009566445,37.206153869628906,8.725561201572418e-06,0.00025654763526220686,2.345193010851591e-07,7.054741341570707,-0.011028882194778575,0.0,0.0,-0.0,2936.778564453125,True,0.0,1055,5.0272236310139834e-06,0.00011782822022804786,2.2104556114438177e-07,True,1056,112.77485902466516,808.3582606220629,112.77474360390126,37.20615768432617,8.726492524147034e-06,0.00025656489160535154,2.3454430844986395e-07,7.080139313012443,0.0047719118111145984,0.0,0.0,-0.0,2936.78759765625,True,0.0,1055,5.0971849168771035e-06,0.00011825205371639336,-9.564059084916638e-08,True,1056,112.82747520414996,808.1685471246758,112.82735978338606,37.206153869628906,1.1313706636428833e-05,0.0007233466763290706,3.040815956433426e-07,35.22291901705247,-0.014537652503225655,42.45125221148701,33.2112,33.2112,2949.2099609375,True,0.0,1055,0.0008886095639224007,0.0005858218322819752,2.900809865352684e-07,True,1056,112.82745017370716,808.1713988694895,112.82733475294326,37.20615768432617,1.1314637959003448e-05,0.0007230220660094744,3.0410659587591907e-07,35.33254240285476,-0.0943900931953826,42.45125221148701,33.2112,33.2112,2949.224609375,True,0.0,1055,0.0008971600955498142,0.0005876422059555037,1.883951444543536e-06,True,1056
6.850000000000,822,held_throttle,0.0,0.15,0.0,1,-0.09254919737577438,268.5311279296875,0.4186876714229584,0.023413870483636856,37.1790885925293,0.006740006618201733,1.0104747161676642e-05,asphalt,0.0,0.15,0.0,3510.864535101651,5,-0.5410765409469604,-4.453174187801778e-05,580.7003696984114,160.0,-0.0,6010.483837347453,5761.516162652547,1.17898082407919e-06,1.5269071390350495e-05,False,-0.0,True,0,0,-0.0151832802221179,37.17908477783203,0.08174853026866913,False,True,-0.932998776435852,269.630859375,3.725290298461914e-09,0.0,0.0,1.0,2936.77880859375,2936.77880859375,0.33881720900535583,0.06118279695510864,0.0,asphalt,True,0.7470011115074158,269.63153076171875,-2.9802322387695312e-08,0.0,0.0,1.0,2936.791748046875,2936.791748046875,0.33881697058677673,0.061183035373687744,0.0,asphalt,True,-0.9320996999740601,267.43084716796875,7.450580596923828e-09,0.0,0.0,1.0,2949.206298828125,2949.206298828125,0.3385584056377411,0.06144160032272339,0.0,asphalt,True,0.747900128364563,267.4315185546875,1.4901161193847656e-08,0.0,0.0,1.0,2949.221923828125,2949.221923828125,0.3385581076145172,0.061441898345947266,0.0,asphalt,1062,112.69274545582503,813.9925997246932,112.69263028464103,37.1790771484375,8.726492524147034e-06,0.00025629608682102133,2.3471514608354436e-07,7.04598843236879,-0.01099994589929544,0.0,0.0,-0.0,2936.77880859375,True,0.0,1061,5.012405594285765e-06,0.00011768201909996959,2.204655882916414e-07,True,1062,112.69275894028935,813.9947408871504,112.69264376910535,37.179080963134766,8.72742384672165e-06,0.00025631314475386,2.3474017164047815e-07,7.071402220443416,0.004791730987487842,0.0,0.0,-0.0,2936.7919921875,True,0.0,1061,5.072942302127969e-06,0.00011810595041162914,-9.603766836946516e-08,True,1062,112.74536137991346,813.8076611776626,112.74524620872945,37.1790771484375,1.1315569281578064e-05,0.0007233129221195019,3.043531510048056e-07,35.22713325807969,-0.014512586156620755,42.45549602615294,33.2112,33.2112,2949.2060546875,True,0.0,1061,0.0008903958863266207,0.0005858926767499592,2.895809374397913e-07,True,1062,112.74533632619425,813.8105137810967,112.74522115501024,37.179080963134766,1.131650060415268e-05,0.0007229878687962167,3.0437816941664863e-07,35.336834937194276,-0.09443198446418004,42.45549602615294,33.2112,33.2112,2949.2216796875,True,0.0,1061,0.0008989487559819664,0.0005877141601727049,1.8847895404697891e-06,True,1062
6.900000000000,828,held_throttle,0.0,0.15,0.0,1,-0.09330810606479645,270.3892822265625,0.4186876714229584,0.023417282849550247,37.15204620361328,0.0067415726371109486,1.0383530025137588e-05,asphalt,0.0,0.15,0.0,3508.3078586185097,5,-0.5406187772750854,-4.460039781406522e-05,579.8559098005262,160.0,-0.0,6010.3231073893385,5761.6768926106615,1.1789599057010491e-06,1.5259011535724884e-05,False,-0.0,True,0,0,-0.01517445594072342,37.152042388916016,0.08174845576286316,False,True,-0.9337576627731323,271.489013671875,2.2351741790771484e-08,0.0,0.0,1.0,2936.77587890625,2936.77587890625,0.3388172686100006,0.06118273735046387,0.0,asphalt,True,0.746242105960846,271.48968505859375,-2.9802322387695312e-08,0.0,0.0,1.0,2936.79052734375,2936.79052734375,0.33881697058677673,0.061183035373687744,0.0,asphalt,True,-0.9328584671020508,269.28900146484375,3.725290298461914e-08,0.0,0.0,1.0,2949.21435546875,2949.21435546875,0.33855828642845154,0.06144171953201294,0.0,asphalt,True,0.7471413612365723,269.2896728515625,1.4901161193847656e-08,0.0,0.0,1.0,2949.22314453125,2949.22314453125,0.3385581076145172,0.061441898345947266,0.0,asphalt,1068,112.61075403533931,819.624976768984,112.61063900290782,37.152034759521484,8.724629878997803e-06,0.0002560848201740004,2.348358558412916e-07,7.033537368568887,-0.011046910827974264,0.0,0.0,-0.0,2936.77587890625,True,0.0,1067,4.991060891081773e-06,0.00011747417828483083,2.2140709600519874e-07,True,1068,112.61076750435241,819.6271191090495,112.61065247192091,37.15203857421875,8.724629878997803e-06,0.00025610175330046455,2.3483583172881404e-07,7.058965046197539,0.004730202123927964,0.0,0.0,-0.0,2936.790771484375,True,0.0,1067,5.054060446259753e-06,0.00011789827427920963,-9.480452537288974e-08,True,1068,112.66335605393095,819.4426724969966,112.66324102149946,37.152034759521484,1.1313706636428833e-05,0.000723318075299973,3.0452454918445504e-07,35.227628500924936,-0.014560518996978038,42.459734584237054,33.2112,33.2112,2949.208251953125,True,0.0,1067,0.0008918822928633793,0.0005859004531668602,2.9053726860264567e-07,True,1068,112.66333099251146,819.4455259594957,112.66321596007997,37.15203857421875,1.1313706636428833e-05,0.0007229927169776014,3.0452451791648134e-07,35.337397006568466,-0.09453744230585552,42.459734584237054,33.2112,33.2112,2949.22314453125,True,0.0,1067,0.0009004545391605987,0.0005877231924077401,1.8868934854201623e-06,True,1068
6.950000000000,834,held_throttle,0.0,0.15,0.0,1,-0.0940665677189827,272.2461242675781,0.4186876714229584,0.02342069335281849,37.125038146972656,0.006743401288986206,1.070543203240959e-05,asphalt,0.0,0.15,0.0,3505.7544680639444,5,-0.5397032499313354,-4.4370099203661084e-05,579.0130161667839,160.0,-0.0,6010.168343703025,5761.831656296975,1.17879619665473e-06,1.5250400942850228e-05,False,-0.0,True,0,0,-0.015165639109909534,37.12503433227539,0.0817486122250557,False,True,-0.9345162510871887,273.3458557128906,2.2351741790771484e-08,0.0,0.0,1.0,2936.774658203125,2936.774658203125,0.3388172686100006,0.06118273735046387,0.0,asphalt,True,0.7454835772514343,273.3465270996094,-1.1175870895385742e-08,0.0,0.0,1.0,2936.7900390625,2936.7900390625,0.33881697058677673,0.061183035373687744,0.0,asphalt,True,-0.9336168766021729,271.1458435058594,3.725290298461914e-08,0.0,0.0,1.0,2949.21337890625,2949.21337890625,0.33855828642845154,0.06144171953201294,0.0,asphalt,True,0.7463828921318054,271.1465148925781,0.0,0.0,0.0,1.0,2949.225830078125,2949.225830078125,0.33855804800987244,0.06144195795059204,0.0,asphalt,1074,112.52886216751386,825.2532569649661,112.52874715185345,37.12502670288086,8.707866072654724e-06,0.0002558331465922788,2.3455514637997133e-07,7.024803137625661,-0.011001849760509427,0.0,0.0,-0.0,2936.77490234375,True,0.0,1073,4.976289044395583e-06,0.00011732833779065611,2.2050403492134457e-07,True,1074,112.5288756259369,825.2554004820822,112.52876061027649,37.125030517578125,8.70879739522934e-06,0.0002558499979294962,2.3458020838813047e-07,7.050244298539828,0.004764915238473931,0.0,0.0,-0.0,2936.7900390625,True,0.0,1073,5.043379368226224e-06,0.00011775265000080121,-9.550027896924841e-08,True,1074,112.58145017561425,825.0735862699578,112.58133515995384,37.12502670288086,1.1296011507511139e-05,0.000723281771263027,3.042694513842392e-07,35.231826665536396,-0.014518042110665803,42.46396782362359,33.2112,33.2112,2949.21337890625,True,0.0,1073,0.0008936664189874164,0.0005859692354796576,2.896888421292327e-07,True,1074,112.58142515131205,825.0764405955601,112.58131013565163,37.125030517578125,1.1296942830085754e-05,0.0007229565061811109,3.04294506229065e-07,35.341665131861376,-0.09456421842910419,42.46396782362359,33.2112,33.2112,2949.225830078125,True,0.0,1073,0.0009022531117663668,0.0005877936213333373,1.8874263173623857e-06,True,1074
7.000000000000,840,held_throttle,0.0,0.15,0.0,1,-0.09482459723949432,274.1015625,0.4186876714229584,0.02342410571873188,37.09806442260742,0.0067453933879733086,1.0911376193689648e-05,asphalt,0.0,0.15,0.0,3503.2043298863737,5,-0.5392454862594604,-4.455036832951009e-05,578.171924498383,160.0,-0.0,6010.007864659265,5761.992135340735,1.1787498124249396e-06,1.5239651189853741e-05,False,-0.0,True,0,0,-0.015156838111579418,37.098060607910156,0.08174866437911987,False,True,-0.9352743625640869,275.2012939453125,-3.725290298461914e-09,0.0,0.0,1.0,2936.771484375,2936.771484375,0.3388173282146454,0.06118267774581909,0.0,asphalt,True,0.7447254657745361,275.20196533203125,0.0,0.0,0.0,1.0,2936.785888671875,2936.785888671875,0.3388170301914215,0.06118297576904297,0.0,asphalt,True,-0.9343749284744263,273.00128173828125,3.725290298461914e-08,0.0,0.0,1.0,2949.21337890625,2949.21337890625,0.33855828642845154,0.06144171953201294,0.0,asphalt,True,0.7456249594688416,273.001953125,-1.4901161193847656e-08,0.0,0.0,1.0,2949.22802734375,2949.22802734375,0.33855798840522766,0.061442017555236816,0.0,asphalt,1080,112.44707891275785,830.8774455176348,112.44696389425981,37.098052978515625,8.735805749893188e-06,0.000255621573993548,2.3547882027534283e-07,7.012351842212034,-0.011037694545377319,0.0,0.0,-0.0,2936.77099609375,True,0.0,1079,4.95362569965606e-06,0.00011712053145215297,2.2122274265972388e-07,True,1080,112.44709237110513,830.8795902118626,112.44697735260709,37.09805679321289,8.736737072467804e-06,0.00025563843693119823,2.3550390041092485e-07,7.037810380643745,0.004713197782131329,0.0,0.0,-0.0,2936.785888671875,True,0.0,1079,5.021874091848088e-06,0.00011754514528229382,-9.44638726110865e-08,True,1080,112.49965303401162,830.7004077069364,112.49953801551358,37.098052978515625,1.1323951184749603e-05,0.0007232865488588021,3.052438140434816e-07,35.23229354557691,-0.014556108804303448,42.468195718010506,33.2112,33.2112,2949.21337890625,True,0.0,1079,0.0008951272978157763,0.0005859769770783528,2.904484733723746e-07,True,1080,112.4996279315679,830.7032628937169,112.49951291306986,37.09805679321289,1.1324882507324219e-05,0.0007229603521827217,3.052688870053097e-07,35.34219912681443,-0.09466224408178632,42.468195718010506,33.2112,33.2112,2949.228271484375,True,0.0,1079,0.0009037608657009675,0.000587801991854746,1.889381297421964e-06,True,1080
7.050000000000,846,held_throttle,0.0,0.15,0.0,1,-0.09558217972517014,275.9556884765625,0.4186876714229584,0.02342751808464527,37.07112503051758,0.006747252307832241,1.0798051334859338e-05,asphalt,0.0,0.15,0.0,3500.6574503878255,5,-0.5383299589157104,-4.4431653805077076e-05,577.332394595788,160.0,-0.0,6009.853280760944,5762.146719239056,1.1784924254243379e-06,1.5220559655740503e-05,False,-0.0,True,0,0,-0.015148051083087921,37.07112121582031,0.08174856007099152,False,True,-0.9360319375991821,277.055419921875,1.1175870895385742e-08,0.0,0.0,1.0,2936.771728515625,2936.771728515625,0.33881738781929016,0.061182618141174316,0.0,asphalt,True,0.7439678311347961,277.05609130859375,0.0,0.0,0.0,1.0,2936.7880859375,2936.7880859375,0.3388170301914215,0.06118297576904297,0.0,asphalt,True,-0.9351323843002319,274.85540771484375,2.2351741790771484e-08,0.0,0.0,1.0,2949.212646484375,2949.212646484375,0.33855828642845154,0.06144171953201294,0.0,asphalt,True,0.7448673844337463,274.8560791015625,-1.4901161193847656e-08,0.0,0.0,1.0,2949.22607421875,2949.22607421875,0.33855798840522766,0.061442017555236816,0.0,asphalt,1086,112.36539521462076,836.4975476234812,112.36527986265104,37.07111358642578,8.77678394317627e-06,0.0002553695717016961,2.3675533573369306e-07,7.003625759038064,-0.011091875051195245,0.0,0.0,-0.0,2936.769287109375,True,0.0,1085,4.941644380819095e-06,0.00011697485581382258,2.2230878018241694e-07,True,1086,112.36540865854855,836.4996934948788,112.36529330657882,37.07111740112305,8.777715265750885e-06,0.0002553863185598929,2.3678043396352562e-07,7.029098105689109,0.004649887344592141,0.0,0.0,-0.0,2936.78564453125,True,0.0,1085,5.007172294230391e-06,0.00011739964273706353,-9.319498931394965e-08,True,1086,112.41795539194057,836.3231420036278,112.41784003997084,37.07111358642578,1.1364929378032684e-05,0.0007232502701085196,3.0657102737247664e-07,35.23647564441966,-0.014612334291789424,42.472418254480594,33.2112,33.2112,2949.214599609375,True,0.0,1085,0.0008969150320511615,0.0005860462681337989,2.9157038375606147e-07,True,1086,112.41793028647508,836.3259980507446,112.41781493450536,37.07111740112305,1.13658607006073e-05,0.0007229238094917187,3.065961184181252e-07,35.34644190831331,-0.09478480272746442,42.472418254480594,33.2112,33.2112,2949.22802734375,True,0.0,1085,0.0009055624045105144,0.0005878725830082963,1.891827673466701e-06,True,1086
7.100000000000,852,held_throttle,0.0,0.15,0.0,1,-0.09633933007717133,277.8084716796875,0.4186876714229584,0.023430928587913513,37.044219970703125,0.006747866980731487,1.0405936336610466e-05,asphalt,0.0,0.15,0.0,3498.1138020373533,5,-0.5378721952438354,-4.46117774117738e-05,576.4946618203321,160.0,-0.0,6009.6929305409085,5762.3070694590915,1.1780531394833815e-06,1.5199629961823733e-05,False,-0.0,True,0,0,-0.015139278024435043,37.04421615600586,0.08174854516983032,False,True,-0.9367892146110535,278.908203125,1.1175870895385742e-08,0.0,0.0,1.0,2936.77392578125,2936.77392578125,0.33881738781929016,0.061182618141174316,0.0,asphalt,True,0.7432106137275696,278.90887451171875,0.0,0.0,0.0,1.0,2936.790283203125,2936.790283203125,0.3388170301914215,0.06118297576904297,0.0,asphalt,True,-0.935889482498169,276.70819091796875,3.725290298461914e-09,0.0,0.0,1.0,2949.21337890625,2949.21337890625,0.33855822682380676,0.061441779136657715,0.0,asphalt,True,0.7441102862358093,276.7088623046875,-1.4901161193847656e-08,0.0,0.0,1.0,2949.223876953125,2949.223876953125,0.33855798840522766,0.061442017555236816,0.0,asphalt,1092,112.28382009357577,842.1135684692551,112.28370439145058,37.04420852661133,8.733943104743958e-06,0.00025515740906935467,2.357708114743394e-07,6.991182123144932,-0.011070720700821237,0.0,0.0,-0.0,2936.77490234375,True,0.0,1091,4.919036428123415e-06,0.00011676679796465518,2.218843679312092e-07,True,1092,112.28383353155732,842.1157155174884,112.28371782943213,37.044212341308594,8.733943104743958e-06,0.00025517411514192046,2.3577078719539776e-07,7.016669114881754,0.004653936077131313,0.0,0.0,-0.0,2936.791015625,True,0.0,1091,4.981790899605438e-06,0.00011719183961781811,-9.32759626966811e-08,True,1092,112.33636639466503,841.9417943469612,112.33625069253985,37.04420852661133,1.1321157217025757e-05,0.0007232543140687516,3.0561206912796263e-07,35.23689882397493,-0.014592912839299218,42.476635432961984,33.2112,33.2112,2949.212890625,True,0.0,1091,0.0008984036609602386,0.0005860536220005765,2.91182806615537e-07,True,1092,112.33634133653545,841.9446512567368,112.33622563441027,37.044212341308594,1.1321157217025757e-05,0.0007229280380257432,3.0561203765698647e-07,35.34693168019852,-0.09482400039435443,42.476635432961984,33.2112,33.2112,2949.22314453125,True,0.0,1091,0.0009071110394202357,0.0005878816772789105,1.8926132349705926e-06,True,1092
7.150000000000,858,held_throttle,0.0,0.15,0.0,1,-0.0970960333943367,279.6598815917969,0.4186876714229584,0.023434340953826904,37.017356872558594,0.0067472816444933414,1.0173801456403453e-05,asphalt,0.0,0.15,0.0,3495.5734804698927,5,-0.5369566679000854,-4.460463242139667e-05,575.6587235852555,160.0,-0.0,6009.528233803966,5762.471766196034,1.1778730595324305e-06,1.5178478258726699e-05,False,-0.0,True,0,0,-0.01513051800429821,37.01735305786133,0.08174853026866913,False,True,-0.937545895576477,280.7596130371094,1.1175870895385742e-08,0.0,0.0,1.0,2936.7763671875,2936.7763671875,0.33881738781929016,0.061182618141174316,0.0,asphalt,True,0.7424538731575012,280.7602844238281,0.0,0.0,0.0,1.0,2936.792236328125,2936.792236328125,0.3388170301914215,0.06118297576904297,0.0,asphalt,True,-0.9366461634635925,278.5596008300781,2.2351741790771484e-08,0.0,0.0,1.0,2949.20849609375,2949.20849609375,0.33855828642845154,0.06144171953201294,0.0,asphalt,True,0.7433537244796753,278.5602722167969,-1.4901161193847656e-08,0.0,0.0,1.0,2949.221923828125,2949.221923828125,0.33855798840522766,0.061442017555236816,0.0,asphalt,1098,112.20236140566915,847.7255136607229,112.2022454092242,37.0173454284668,8.734874427318573e-06,0.00025484905237883193,2.359670669577831e-07,6.979148150713189,-0.011051674566578844,0.0,0.0,-0.0,2936.777099609375,True,0.0,1097,4.897469779544773e-06,0.00011656571878011164,2.2150246889108967e-07,True,1098,112.20237483464904,847.7276618856473,112.20225883820409,37.01734924316406,8.734874427318573e-06,0.0002548656903590382,2.3596704264099804e-07,7.004649875390796,0.004657655951474625,0.0,0.0,-0.0,2936.793701171875,True,0.0,1097,4.962767758884749e-06,0.00011699098778666399,-9.335043017296877e-08,True,1098,112.25489390036189,847.5563703445995,112.25477790391695,37.0173454284668,1.1321157217025757e-05,0.0007231625699460721,3.058338485914037e-07,35.23771925050431,-0.014575313712702317,42.48084723442669,33.2112,33.2112,2949.20703125,True,0.0,1097,0.0008999248054426145,0.0005860684078245404,2.908320050125129e-07,True,1098,112.25486877906215,847.5592281188107,112.2547527826172,37.01734924316406,1.1321157217025757e-05,0.0007228354939918175,3.058338170747346e-07,35.34784110410582,-0.09486918222683403,42.48084723442669,33.2112,33.2112,2949.220947265625,True,0.0,1097,0.0009086538683557593,0.0005878972166150232,1.8935165139602025e-06,True,1098
7.200000000000,864,held_throttle,0.0,0.15,0.0,1,-0.09785230457782745,281.5099792480469,0.4186876714229584,0.023437753319740295,36.99052429199219,0.006746591068804264,9.840367965807673e-06,asphalt,0.0,0.15,0.0,3493.036578361417,5,-0.5364989042282104,-4.456110764294863e-05,574.8244587627053,160.0,-0.0,6009.365771326994,5762.634228673006,1.177522904072248e-06,1.515235597771071e-05,False,-0.0,True,0,0,-0.015121770091354847,36.99052047729492,0.08174855262041092,False,True,-0.9383022785186768,282.60968017578125,-3.725290298461914e-09,0.0,0.0,1.0,2936.77880859375,2936.77880859375,0.3388173282146454,0.06118267774581909,0.0,asphalt,True,0.7416976094245911,282.6103820800781,0.0,0.0,0.0,1.0,2936.792236328125,2936.792236328125,0.3388170301914215,0.06118297576904297,0.0,asphalt,True,-0.9374023675918579,280.4096984863281,2.2351741790771484e-08,0.0,0.0,1.0,2949.20849609375,2949.20849609375,0.33855828642845154,0.06144171953201294,0.0,asphalt,True,0.7425975203514099,280.41033935546875,-1.4901161193847656e-08,0.0,0.0,1.0,2949.221923828125,2949.221923828125,0.33855798840522766,0.061442017555236816,0.0,asphalt,1104,112.12101065995668,853.3333888938928,112.12089390637558,36.99051284790039,8.682720363140106e-06,0.0002546780014662698,2.3472830449369628e-07,6.969157009985162,-0.011017270575219203,0.0,0.0,-0.0,2936.778076171875,True,0.0,1103,4.880990331708961e-06,0.00011639880767745311,2.208128545767293e-07,True,1104,112.12102409954967,853.3355382959729,112.12090734596858,36.990516662597656,8.68178904056549e-06,0.0002546947462149644,2.3470310295351397e-07,6.994675293726773,0.004681700290285196,0.0,0.0,-0.0,2936.79150390625,True,0.0,1103,4.946230046693809e-06,0.00011682448030404346,-9.383240245126901e-08,True,1104,112.17352923493495,853.1668756946976,112.17341248135385,36.99051284790039,1.126900315284729e-05,0.0007232070487409467,3.0464576685334e-07,35.240627701844595,-0.0145417782206682,42.485053574802336,33.2112,33.2112,2949.209716796875,True,0.0,1103,0.0009016124509833146,0.0005861162241288553,2.901622814111446e-07,True,1104,112.17350406374692,853.1697343307343,112.17338731016582,36.990516662597656,1.1268071830272675e-05,0.0007228792904606009,3.0462055810282445e-07,35.35079642633094,-0.09489910524202366,42.485053574802336,33.2112,33.2112,2949.22314453125,True,0.0,1103,0.0009103268158876176,0.0005879459082894862,1.8941124489339079e-06,True,1104
7.250000000000,870,held_throttle,0.0,0.15,0.0,1,-0.09860814362764359,283.3587341308594,0.4186876714229584,0.02344115637242794,36.96372985839844,0.0067433081567287445,9.810650226427242e-06,asphalt,0.0,0.15,0.0,3490.50301329188,5,-0.5355833768844604,-4.410665133036673e-05,573.9918650308682,160.0,-0.0,6009.2046323281,5762.7953676719,1.1771127219617483e-06,1.5127360145044686e-05,False,-0.0,True,0,0,-0.015113025903701782,36.96372604370117,0.08174864947795868,False,True,-0.9390581846237183,284.4584655761719,2.2351741790771484e-08,0.0,0.0,1.0,2936.7822265625,2936.7822265625,0.3388172686100006,0.06118273735046387,0.0,asphalt,True,0.7409416437149048,284.4591369628906,-1.1175870895385742e-08,0.0,0.0,1.0,2936.797119140625,2936.797119140625,0.33881697058677673,0.061183035373687744,0.0,asphalt,True,-0.9381581544876099,282.2584228515625,3.725290298461914e-08,0.0,0.0,1.0,2949.20556640625,2949.20556640625,0.33855828642845154,0.06144171953201294,0.0,asphalt,True,0.741841733455658,282.2591247558594,0.0,0.0,0.0,1.0,2949.2177734375,2949.2177734375,0.33855804800987244,0.06144195795059204,0.0,asphalt,1110,112.03976169715305,858.937199295351,112.03964511592484,36.96371841430664,8.605420589447021e-06,0.00025438311288049977,2.3280722174628884e-07,6.957962509332998,-0.010917868825113263,0.0,0.0,-0.0,2936.78466796875,True,0.0,1109,4.86016831125965e-06,0.00011621157597827926,2.1882011143373122e-07,True,1110,112.03977513210425,858.9393498751286,112.03965855087604,36.963722229003906,8.605420589447021e-06,0.0002543998283571378,2.328071977203245e-07,6.98350003974482,0.004766215166450854,0.0,0.0,-0.0,2936.79931640625,True,0.0,1109,4.920045949383084e-06,0.00011663752156375467,-9.552601963295166e-08,True,1110,112.09226649483494,858.773315524479,112.09214991360673,36.96371841430664,1.119077205657959e-05,0.0007231287904884961,3.02750170617248e-07,35.242279103923565,-0.014444697032619577,42.489254417507,33.2112,33.2112,2949.20361328125,True,0.0,1109,0.000903223365197975,0.0005861448792909137,2.8822514569958214e-07,True,1110,112.09224131989842,858.7761750220529,112.09212473867021,36.963722229003906,1.1189840734004974e-05,0.0007228007611639073,3.0272494378892467e-07,35.3525098708264,-0.09486336317455218,42.489254417507,33.2112,33.2112,2949.2158203125,True,0.0,1109,0.0009119302037036193,0.0005879758426313062,1.8934039104538777e-06,True,1110
7.300000000000,876,held_throttle,0.0,0.15,0.0,1,-0.0993635356426239,285.20611572265625,0.4186876714229584,0.023444557562470436,36.93696594238281,0.0067407782189548016,1.0096475307364017e-05,asphalt,0.0,0.15,0.0,3487.9727640930323,5,-0.5351256132125854,-4.417465243022889e-05,573.1609400709011,160.0,-0.0,6009.044719081835,5762.955280918165,1.1767407386287232e-06,1.5126487752302916e-05,False,-0.0,True,0,0,-0.015104277059435844,36.93696212768555,0.08174857497215271,False,True,-0.9398136734962463,286.30584716796875,3.725290298461914e-09,0.0,0.0,1.0,2936.785400390625,2936.785400390625,0.33881720900535583,0.06118279695510864,0.0,asphalt,True,0.7401861548423767,286.3065185546875,-2.9802322387695312e-08,0.0,0.0,1.0,2936.797607421875,2936.797607421875,0.33881697058677673,0.061183035373687744,0.0,asphalt,True,-0.9389135241508484,284.1058044433594,7.450580596923828e-09,0.0,0.0,1.0,2949.19970703125,2949.19970703125,0.3385584056377411,0.06144160032272339,0.0,asphalt,True,0.7410863041877747,284.1065368652344,1.4901161193847656e-08,0.0,0.0,1.0,2949.215087890625,2949.215087890625,0.3385581076145172,0.061441898345947266,0.0,asphalt,1116,111.95861916501399,864.5369501786747,111.95850299172689,36.936954498291016,8.569099009037018e-06,0.00025421224600509387,2.319925701896548e-07,6.9480004207630595,-0.010885852442816583,0.0,0.0,-0.0,2936.78466796875,True,0.0,1115,4.849155073677412e-06,0.00011604518915510537,2.1817842565988503e-07,True,1116,111.95863258188415,864.5391019355394,111.95851640859705,36.93695831298828,8.570030331611633e-06,0.0002542288120726624,2.3201776007089267e-07,6.973549092194424,0.0047871177570539035,0.0,0.0,-0.0,2936.80029296875,True,0.0,1115,4.914288664155929e-06,0.00011647128282353803,-9.594492116897567e-08,True,1116,112.01111003897122,864.375695141819,112.01099386568413,36.936954498291016,1.115351915359497e-05,0.0007231731725668911,3.0196098473984035e-07,35.24508912466381,-0.01441395467681939,42.49344976385609,33.2112,33.2112,2949.19677734375,True,0.0,1115,0.0009049073569612954,0.0005861929510576243,2.8761209761684883e-07,True,1116,112.01108483427598,864.3785555029432,112.01096866098888,36.93695831298828,1.1154450476169586e-05,0.0007228446396844819,3.0198616739502794e-07,35.35542071137915,-0.09489317496222052,42.49344976385609,33.2112,33.2112,2949.212158203125,True,0.0,1115,0.0009136378780631906,0.000588024962224317,1.8940013877518466e-06,True,1116
7.350000000000,882,held_throttle,0.0,0.15,0.0,1,-0.1001184955239296,287.05218505859375,0.4186876714229584,0.023447958752512932,36.910240173339844,0.006740119308233261,1.0386869689682499e-05,asphalt,0.0,0.15,0.0,3485.445798756771,5,-0.5342100858688354,-4.405526851769537e-05,572.3316815669314,160.0,-0.0,6008.88540668656,5763.11459331344,1.1763551128751715e-06,1.5122659583470166e-05,False,-0.0,True,0,0,-0.015095541253685951,36.91023635864258,0.08174850791692734,False,True,-0.9405686855316162,288.15191650390625,3.725290298461914e-09,0.0,0.0,1.0,2936.78369140625,2936.78369140625,0.33881720900535583,0.06118279695510864,0.0,asphalt,True,0.7394310832023621,288.152587890625,-2.9802322387695312e-08,0.0,0.0,1.0,2936.7958984375,2936.7958984375,0.33881697058677673,0.061183035373687744,0.0,asphalt,True,-0.9396683573722839,285.951904296875,7.450580596923828e-09,0.0,0.0,1.0,2949.20263671875,2949.20263671875,0.3385584056377411,0.06144160032272339,0.0,asphalt,True,0.7403314709663391,285.9526062011719,1.4901161193847656e-08,0.0,0.0,1.0,2949.217529296875,2949.217529296875,0.3385581076145172,0.061441898345947266,0.0,asphalt,1122,111.87757841559458,870.1326467186449,111.87746297896909,36.91022872924805,8.580274879932404e-06,0.00025391736168631804,2.3246333537708886e-07,6.936811727787765,-0.01089713335661104,0.0,0.0,-0.0,2936.781005859375,True,0.0,1121,4.821675969379709e-06,0.00011585846031138,2.1840479165349435e-07,True,1122,111.87759184262447,870.1347996530741,111.87747640599898,36.91023254394531,8.580274879932404e-06,0.0002539340306134063,2.3246331135184737e-07,6.962376470491664,0.004762459746542379,0.0,0.0,-0.0,2936.79345703125,True,0.0,1121,4.890775156228352e-06,0.00011628494952419447,-9.545093953355868e-08,True,1122,111.93005521664372,869.974019721301,111.92993978001823,36.91022872924805,1.1162832379341125e-05,0.0007230920306716426,3.0243194809831243e-07,35.246765337728725,-0.014425545137926645,42.49763963035532,33.2112,33.2112,2949.204833984375,True,0.0,1121,0.0009064984529122552,0.0005862192046471869,2.878425088370309e-07,True,1122,111.93002992844856,869.976880942156,111.92991449182307,36.91023254394531,1.1162832379341125e-05,0.000722762513374964,3.0243191684176795e-07,35.35712924746975,-0.09496880102308908,42.49763963035532,33.2112,33.2112,2949.219970703125,True,0.0,1121,0.0009152594564088748,0.000588051796517172,1.895505870660508e-06,True,1122
7.400000000000,888,held_throttle,0.0,0.15,0.0,1,-0.10087301582098007,288.8969421386719,0.4186876714229584,0.023451361805200577,36.883544921875,0.006743918638676405,1.0565019692876376e-05,asphalt,0.0,0.15,0.0,3482.922113303938,5,-0.5337523221969604,-4.412313865032047e-05,571.5040872060565,160.0,-0.0,6008.72680225898,5763.27319774102,1.175772126771335e-06,1.5116040154833586e-05,False,-0.0,True,0,0,-0.015086818486452103,36.883541107177734,0.0817485898733139,False,True,-0.9413232803344727,289.9966735839844,2.2351741790771484e-08,0.0,0.0,1.0,2936.76904296875,2936.76904296875,0.3388172686100006,0.06118273735046387,0.0,asphalt,True,0.7386765480041504,289.9973449707031,-1.1175870895385742e-08,0.0,0.0,1.0,2936.78369140625,2936.78369140625,0.33881697058677673,0.061183035373687744,0.0,asphalt,True,-0.940422773361206,287.7966613769531,3.725290298461914e-08,0.0,0.0,1.0,2949.2216796875,2949.2216796875,0.33855828642845154,0.06144171953201294,0.0,asphalt,True,0.739577054977417,287.79736328125,0.0,0.0,0.0,1.0,2949.233642578125,2949.233642578125,0.33855804800987244,0.06144195795059204,0.0,asphalt,1128,111.79664409875437,875.7242942155349,111.79653069706143,36.8835334777832,8.57468694448471e-06,0.0002537466973271733,2.324800835486524e-07,6.926855998398224,-0.010903259370193949,0.0,0.0,-0.0,2936.769775390625,True,0.0,1127,4.8094419364518156e-06,0.0001156926219359011,2.1852840510437796e-07,True,1128,111.79665750970983,875.7264483273941,111.79654410801689,36.88353729248047,8.57468694448471e-06,0.00025376323451731556,2.3248005950428994e-07,6.9524349217244295,0.00474514401282913,0.0,0.0,-0.0,2936.7841796875,True,0.0,1127,4.87437336894737e-06,0.00011611927316562554,-9.510419136321077e-08,True,1128,111.84910650011689,875.5682945496422,111.84899309842395,36.8835334777832,1.1156313121318817e-05,0.0007231321064029012,3.0247408719770526e-07,35.24961379004713,-0.014434273711289695,42.50182403806107,33.2112,33.2112,2949.22119140625,True,0.0,1127,0.0009081703614565167,0.0005862633051015641,2.880149840798322e-07,True,1128,111.84908124799861,875.5711566307541,111.84896784630567,36.88353729248047,1.1156313121318817e-05,0.0007228026733896501,3.024740559141799e-07,35.36003628804188,-0.09504041114722174,42.50182403806107,33.2112,33.2112,2949.23291015625,True,0.0,1127,0.0009169928145771198,0.000588097541742713,1.8969269039649076e-06,True,1128
7.450000000000,894,held_throttle,0.0,0.15,0.0,1,-0.10162710398435593,290.7403259277344,0.4186876714229584,0.023454762995243073,36.85688781738281,0.006752265617251396,1.061139118974097e-05,asphalt,0.0,0.15,0.0,3480.401680938909,5,-0.5328367948532104,-4.411532427184284e-05,570.6781546783448,160.0,-0.0,6008.568427673273,5763.431572326727,1.175475631498557e-06,1.5103708406722257e-05,False,-0.0,True,0,0,-0.015078110620379448,36.85688400268555,0.08174891024827957,False,True,-0.9420774579048157,291.8400573730469,2.60770320892334e-08,0.0,0.0,1.0,2936.757080078125,2936.757080078125,0.33881744742393494,0.06118255853652954,0.0,asphalt,True,0.7379223704338074,291.8407287597656,-7.450580596923828e-09,0.0,0.0,1.0,2936.77099609375,2936.77099609375,0.33881714940071106,0.06118285655975342,0.0,asphalt,True,-0.9411767721176147,289.6400451660156,3.3527612686157227e-08,0.0,0.0,1.0,2949.234619140625,2949.234619140625,0.3385581076145172,0.061441898345947266,0.0,asphalt,True,0.7388229966163635,289.6407470703125,-7.450580596923828e-09,0.0,0.0,1.0,2949.245849609375,2949.245849609375,0.3385578691959381,0.06144213676452637,0.0,asphalt,1134,111.71581156015469,881.3118978274857,111.7156988652992,36.856876373291016,8.596107363700867e-06,0.00025345179730970304,2.3322940546122979e-07,6.915684019721879,-0.010952461109343349,0.0,0.0,-0.0,2936.760986328125,True,0.0,1133,4.7887703396578175e-06,0.00011550637241128111,2.1951518332290335e-07,True,1134,111.71582497188164,881.3140531165658,111.71571227702616,36.85688018798828,8.596107363700867e-06,0.0002534683533987083,2.33229381321922e-07,6.941274386889805,0.004684662202723194,0.0,0.0,-0.0,2936.7724609375,True,0.0,1133,4.854950998709656e-06,0.0001159333325936857,-9.389236613417927e-08,True,1134,111.76825964569802,881.1585247726322,111.76814695084254,36.856876373291016,1.1176802217960358e-05,0.0007230485166303035,3.032487643488823e-07,35.251141389710575,-0.014481321213443619,42.50600300607438,33.2112,33.2112,2949.2265625,True,0.0,1133,0.0009097671964732671,0.000586287620136555,2.889533226530679e-07,True,1134,111.76823429790895,881.1613877145354,111.76812160305346,36.85688018798828,1.1176802217960358e-05,0.000722717988766598,3.0324873296255154e-07,35.361653562095384,-0.09515135136092893,42.50600300607438,33.2112,33.2112,2949.243408203125,True,0.0,1133,0.0009185781733849722,0.0005881223226716957,1.899134448759951e-06,True,1134
7.500000000000,900,held_throttle,0.0,0.15,0.0,1,-0.10238075256347656,292.5823974609375,0.4186876714229584,0.023458164185285568,36.83026123046875,0.006760598160326481,1.047131354425801e-05,asphalt,0.0,0.15,0.0,3477.8844827388057,5,-0.5323790311813354,-4.4183063437230885e-05,569.8538816768341,160.0,-0.0,6008.410495215611,5763.589504784389,1.1749772284019855e-06,1.5083600646790102e-05,False,-0.0,True,0,0,-0.015069418586790562,36.830257415771484,0.08174902200698853,False,True,-0.9428310990333557,293.68212890625,-1.1175870895385742e-08,0.0,0.0,1.0,2936.7490234375,2936.7490234375,0.33881762623786926,0.061182379722595215,0.0,asphalt,True,0.7371687293052673,293.68280029296875,2.2351741790771484e-08,0.0,0.0,1.0,2936.765869140625,2936.765869140625,0.3388172686100006,0.06118273735046387,0.0,asphalt,True,-0.94193035364151,291.48211669921875,-1.4901161193847656e-08,0.0,0.0,1.0,2949.23828125,2949.23828125,0.33855798840522766,0.061442017555236816,0.0,asphalt,True,0.7380694150924683,291.4828186035156,-1.1175870895385742e-08,0.0,0.0,1.0,2949.25146484375,2949.25146484375,0.3385576903820038,0.06144231557846069,0.0,asphalt,1140,111.63508540060782,886.8954627275729,111.63497232013385,36.83024978637695,8.629634976387024e-06,0.00025328081883062146,2.3430834779673038e-07,6.905730942219114,-0.010966549857713942,0.0,0.0,-0.0,2936.75,True,0.0,1139,4.773833450732989e-06,0.00011534056631262812,2.1979837744313687e-07,True,1140,111.63509879614234,886.8976191938877,111.63498571566838,36.83025360107422,8.63056629896164e-06,0.00025329724182205645,2.3433361041830447e-07,6.931343362570285,0.0046581077074883195,0.0,0.0,-0.0,2936.766845703125,True,0.0,1139,4.835852005886374e-06,0.00011576768540917177,-9.336032626583362e-08,True,1140,111.68751924768307,886.7447155710887,111.6874061672091,36.83024978637695,1.12093985080719e-05,0.0007230894580659292,3.0435304058724494e-07,35.253948987672715,-0.014496674071868752,42.51017656423722,33.2112,33.2112,2949.2333984375,True,0.0,1139,0.0009114814123660889,0.0005863329327382291,2.892589319710874e-07,True,1140,111.68749391237431,886.7475793741381,111.68738083190034,36.83025360107422,1.1210329830646515e-05,0.0007227588030652352,3.0437829595393283e-07,35.36450972901469,-0.09523232699762273,42.51017656423722,33.2112,33.2112,2949.2470703125,True,0.0,1139,0.0009202912626908688,0.0005881690716925408,1.9007483553680272e-06,True,1140
7.550000000000,906,held_throttle,0.0,0.15,0.0,1,-0.10313396900892258,294.4231262207031,0.4186876714229584,0.023461567237973213,36.803672790527344,0.006765963044017553,1.0044283953902777e-05,asphalt,0.0,0.15,0.0,3475.3705029756748,5,-0.5314635038375854,-4.428680404089391e-05,569.0312658975334,160.0,-0.0,6008.252602117391,5763.747397882609,1.174426074612711e-06,1.5060846219755228e-05,False,-0.0,True,0,0,-0.015060740523040295,36.80366897583008,0.08174881339073181,False,True,-0.9435844421386719,295.5228271484375,-2.2351741790771484e-08,0.0,0.0,1.0,2936.749267578125,2936.749267578125,0.3388177454471588,0.061182260513305664,0.0,asphalt,True,0.7364153861999512,295.52349853515625,1.1175870895385742e-08,0.0,0.0,1.0,2936.76513671875,2936.76513671875,0.33881738781929016,0.061182618141174316,0.0,asphalt,True,-0.9426835775375366,293.3228454589844,1.1175870895385742e-08,0.0,0.0,1.0,2949.232666015625,2949.232666015625,0.3385579288005829,0.06144207715988159,0.0,asphalt,True,0.7373162508010864,293.32354736328125,-2.60770320892334e-08,0.0,0.0,1.0,2949.2451171875,2949.2451171875,0.338557630777359,0.06144237518310547,0.0,asphalt,1146,111.55446098907252,892.4749940180012,111.55434554488004,36.80366134643555,8.629634976387024e-06,0.00025298515467652577,2.3447762153758245e-07,6.894560220907501,-0.010994191736897599,0.0,0.0,-0.0,2936.74853515625,True,0.0,1145,4.7545578434142184e-06,0.00011515404826860731,2.2035249980072856e-07,True,1146,111.55447437553806,892.4771516613723,111.55435893134558,36.80366516113281,8.629634976387024e-06,0.0002530015082460465,2.344775972339937e-07,6.920184732816566,0.004614991237254994,0.0,0.0,-0.0,2936.764892578125,True,0.0,1145,4.81921516683518e-06,0.00011558138976936971,-9.249622515458123e-08,True,1146,111.60688075225578,892.3268720545277,111.60676530806329,36.80366134643555,1.1208467185497284e-05,0.0007230069192949533,3.045476122603895e-07,35.25549630426384,-0.014527427414270122,42.51434473885521,33.2112,33.2112,2949.232666015625,True,0.0,1145,0.0009130493426255575,0.0005863587895706244,2.8987265916379155e-07,True,1146,111.60685541110485,892.3297367186082,111.60673996691236,36.80366516113281,1.1208467185497284e-05,0.0007226759730408143,3.0454758069405125e-07,35.366121810552215,-0.09532510629422565,42.51434473885521,33.2112,33.2112,2949.245361328125,True,0.0,1145,0.0009219068527174403,0.000588196200133316,1.9026012937486009e-06,True,1146
7.600000000000,912,held_throttle,0.0,0.15,0.0,1,-0.10388675332069397,296.2625427246094,0.4186876714229584,0.02346496470272541,36.77711486816406,0.006768867839127779,9.728607437864412e-06,asphalt,0.0,0.15,0.0,3472.8597597786206,5,-0.5310057401657104,-4.413086571730673e-05,568.2103050394217,160.0,-0.0,6008.095014660589,5763.904985339411,1.1737721479221364e-06,1.5038059016864022e-05,False,-0.0,True,0,0,-0.01505206897854805,36.7771110534668,0.0817485973238945,False,True,-0.9443372488021851,297.3622741699219,-2.2351741790771484e-08,0.0,0.0,1.0,2936.75,2936.75,0.3388177454471588,0.061182260513305664,0.0,asphalt,True,0.7356625199317932,297.3629150390625,0.0,0.0,0.0,1.0,2936.761474609375,2936.761474609375,0.3388175070285797,0.061182498931884766,0.0,asphalt,True,-0.943436324596405,295.1622619628906,-7.450580596923828e-09,0.0,0.0,1.0,2949.23583984375,2949.23583984375,0.3385578691959381,0.06144213676452637,0.0,asphalt,True,0.736563503742218,295.1629638671875,-4.0978193283081055e-08,0.0,0.0,1.0,2949.2470703125,2949.2470703125,0.338557630777359,0.06144237518310547,0.0,asphalt,1152,111.47394293408192,898.0504969590344,111.47382781409155,36.777103424072266,8.502043783664703e-06,0.00025281338955804154,2.3117763478076369e-07,6.884609214249372,-0.01087654524957599,0.0,0.0,-0.0,2936.749755859375,True,0.0,1151,4.738275538855892e-06,0.00011498779679691735,2.1799446559175586e-07,True,1152,111.4739563252359,898.0526557794348,111.47384120524553,36.77710723876953,8.502975106239319e-06,0.0002528297970242607,2.3120293423392306e-07,6.910248850066704,0.004720970379112716,0.0,0.0,-0.0,2936.763427734375,True,0.0,1151,4.802883606434252e-06,0.0001154154971852733,-9.462035652765899e-08,True,1152,111.52634859564037,897.9049994899011,111.52623347565,36.777103424072266,1.1079944670200348e-05,0.0007230480384067227,3.0127290184978764e-07,35.25829480291085,-0.014410869960659304,42.518507548489296,33.2112,33.2112,2949.236083984375,True,0.0,1151,0.0009147672302553438,0.000586404630159803,2.87545885712926e-07,True,1152,111.52632328616794,897.9078650181056,111.52620816617757,36.77710723876953,1.1080875992774963e-05,0.0007227171374117401,3.0129819403233103e-07,35.36899579485665,-0.09527198626137953,42.518507548489296,33.2112,33.2112,2949.2470703125,True,0.0,1151,0.0009236669222513679,0.0005882436342086827,1.9015401318557954e-06,True,1152
7.650000000000,918,held_throttle,0.0,0.15,0.0,1,-0.10463910549879074,298.1006164550781,0.4186876714229584,0.02346835657954216,36.75059509277344,0.006771740969270468,9.901454177452251e-06,asphalt,0.0,0.15,0.0,3470.352254278252,5,-0.5300902128219604,-4.389905370771885e-05,567.390996804448,160.0,-0.0,6007.937368766286,5764.062631233714,1.1734756526493584e-06,1.5024784886181157e-05,False,-0.0,True,0,0,-0.015043397434055805,36.75059127807617,0.0817485898733139,False,True,-0.9450896382331848,299.2003173828125,-7.450580596923828e-09,0.0,0.0,1.0,2936.750732421875,2936.750732421875,0.3388178050518036,0.06118220090866089,0.0,asphalt,True,0.7349101305007935,299.20098876953125,0.0,0.0,0.0,1.0,2936.765380859375,2936.765380859375,0.3388175070285797,0.061182498931884766,0.0,asphalt,True,-0.9441885948181152,297.00030517578125,-1.862645149230957e-08,0.0,0.0,1.0,2949.235107421875,2949.235107421875,0.33855780959129333,0.06144219636917114,0.0,asphalt,True,0.7358112335205078,297.00103759765625,2.9802322387695312e-08,0.0,0.0,1.0,2949.24951171875,2949.24951171875,0.33855751156806946,0.06144249439239502,0.0,asphalt,1158,111.39352668177759,903.6219767484927,111.39341016104896,36.75058364868164,8.517876267433167e-06,0.0002525172496219798,2.317752650912954e-07,6.873433438519265,-0.010850277020900858,0.0,0.0,-0.0,2936.74560546875,True,0.0,1157,4.719024853164639e-06,0.00011480129912825328,2.1746828715589576e-07,True,1158,111.39354006476012,903.6241367464396,111.39342354403149,36.750587463378906,8.516944944858551e-06,0.0002525335955834451,2.3174989932733276e-07,6.899089338307257,0.004733738028282703,0.0,0.0,-0.0,2936.76025390625,True,0.0,1157,4.776927584463512e-06,0.0001152292344208099,-9.487635280854431e-08,True,1158,111.4459181649208,903.4791030685572,111.44580164419217,36.75058364868164,1.1094845831394196e-05,0.0007229639125248994,3.018957722537249e-07,35.2598349907054,-0.014383761944783401,42.522664994166966,33.2112,33.2112,2949.240234375,True,0.0,1157,0.0009163530099587779,0.0005864293971294604,2.870043171584249e-07,True,1158,111.44589273968482,903.4819694586614,111.4457762189562,36.750587463378906,1.109391450881958e-05,0.0007226317332628141,3.018703992112797e-07,35.370596929299474,-0.09530720808846158,42.522664994166966,33.2112,33.2112,2949.2548828125,True,0.0,1157,0.0009252453202988421,0.0005882686818720514,1.9022381787635167e-06,True,1158
7.700000000000,924,held_throttle,0.0,0.15,0.0,1,-0.10539102554321289,299.9373779296875,0.4186876714229584,0.02347174845635891,36.72410583496094,0.006769417319446802,9.832083378569223e-06,asphalt,0.0,0.15,0.0,3467.8479713697425,5,-0.5296324491500854,-4.396642907522619e-05,566.5733388975324,160.0,-0.0,6007.779958438832,5764.220041561168,1.1728662911991705e-06,1.4997922389571824e-05,False,-0.0,True,0,0,-0.015034746378660202,36.72410202026367,0.08174857497215271,False,True,-0.9458416700363159,301.0370788574219,-2.2351741790771484e-08,0.0,0.0,1.0,2936.76171875,2936.76171875,0.3388177454471588,0.061182260513305664,0.0,asphalt,True,0.7341581583023071,301.03778076171875,0.0,0.0,0.0,1.0,2936.773193359375,2936.773193359375,0.3388175070285797,0.061182498931884766,0.0,asphalt,True,-0.944940447807312,298.83709716796875,-7.450580596923828e-09,0.0,0.0,1.0,2949.223876953125,2949.223876953125,0.3385578691959381,0.06144213676452637,0.0,asphalt,True,0.735059380531311,298.8377990722656,-4.0978193283081055e-08,0.0,0.0,1.0,2949.2353515625,2949.2353515625,0.338557630777359,0.06144237518310547,0.0,asphalt,1164,111.31321673009187,909.1894385475645,111.31309981731282,36.72409439086914,8.459202945232391e-06,0.000252344685822386,2.3034476644127914e-07,6.863487660869616,-0.010825986528521184,0.0,0.0,-0.0,2936.760498046875,True,0.0,1163,4.7027772269903885e-06,0.00011463460130050997,2.1698033964809285e-07,True,1164,111.31323011944322,909.191599722844,111.31311320666417,36.724098205566406,8.458271622657776e-06,0.00025236110082222805,2.3031938252946875e-07,6.889157529925131,0.004745993563527986,0.0,0.0,-0.0,2936.771728515625,True,0.0,1163,4.771223494803378e-06,0.00011506290230469752,-9.512161138259507e-08,True,1164,111.36559442797628,909.0491879626596,111.36547751519723,36.72409439086914,1.103430986404419e-05,0.00072300681074485,3.0046513187231546e-07,35.262580324567786,-0.014360358616080563,42.52681708770147,33.2112,33.2112,2949.228515625,True,0.0,1163,0.0009180704798498979,0.0005864773635029188,2.8653822231517263e-07,True,1164,111.36556899186392,909.0520552132967,111.36545207908487,36.724098205566406,1.103430986404419e-05,0.0007226742941415224,3.0046510066165074e-07,35.373409408146436,-0.0953476144299334,42.52681708770147,33.2112,33.2112,2949.24267578125,True,0.0,1163,0.0009269839603489344,0.0005883178692646549,1.903052622646818e-06,True,1164
7.750000000000,930,held_throttle,0.0,0.15,0.0,1,-0.10614250600337982,301.7728271484375,0.4186876714229584,0.02347514033317566,36.697654724121094,0.006767468526959419,1.014472400129307e-05,asphalt,0.0,0.15,0.0,3465.3469353944047,5,-0.5287169218063354,-4.362266918178648e-05,565.7573290265645,160.0,-0.0,6007.622439463254,5764.377560536746,1.1723296893251245e-06,1.4996810860883382e-05,False,-0.0,True,0,0,-0.015026087872684002,36.69765090942383,0.08174847811460495,False,True,-0.946593165397644,302.87255859375,-2.2351741790771484e-08,0.0,0.0,1.0,2936.76220703125,2936.76220703125,0.3388177454471588,0.061182260513305664,0.0,asphalt,True,0.7334066033363342,302.87322998046875,2.60770320892334e-08,0.0,0.0,1.0,2936.77734375,2936.77734375,0.33881744742393494,0.06118255853652954,0.0,asphalt,True,-0.9456918835639954,300.67254638671875,-7.450580596923828e-09,0.0,0.0,1.0,2949.224365234375,2949.224365234375,0.3385578691959381,0.06144213676452637,0.0,asphalt,True,0.7343079447746277,300.6732177734375,-4.0978193283081055e-08,0.0,0.0,1.0,2949.236572265625,2949.236572265625,0.338557630777359,0.06144237518310547,0.0,asphalt,1170,111.23300862536684,914.752887608919,111.23289169583853,36.6976432800293,8.442439138889313e-06,0.00025204796589190165,2.3005398669520296e-07,6.85231774953451,-0.010776649581990042,0.0,0.0,-0.0,2936.760986328125,True,0.0,1169,4.682231049019139e-06,0.00011444802101635158,2.1599146469831597e-07,True,1170,111.2330219914208,914.7550499616558,111.2329050618925,36.69764709472656,8.441507816314697e-06,0.0002520641832546429,2.3002858451727794e-07,6.878003922846388,0.00478224999022781,0.0,0.0,-0.0,2936.776611328125,True,0.0,1169,4.751925797340748e-06,0.00011487642305105749,-9.584811751534243e-08,True,1170,111.28537226521851,914.6152594230773,111.28525533569021,36.6976432800293,1.1016614735126495e-05,0.0007229229215177616,3.001995155672942e-07,35.26407442288389,-0.014311793965856174,42.530963826829804,33.2112,33.2112,2949.22509765625,True,0.0,1169,0.00091964944920165,0.0005865028691337682,2.8556914649019926e-07,True,1170,111.28534684074765,914.618127536188,111.28522991121935,36.69764709472656,1.1016614735126495e-05,0.0007225902699351506,3.0019948436174393e-07,35.37496836009925,-0.09535990703478263,42.530963826829804,33.2112,33.2112,2949.237548828125,True,0.0,1169,0.0009285901209501732,0.0005883447961691572,1.9033013876318733e-06,True,1170
7.800000000000,936,held_throttle,0.0,0.15,0.0,1,-0.10689356178045273,303.60693359375,0.4186876714229584,0.02347853220999241,36.671234130859375,0.006767542101442814,1.019042611005716e-05,asphalt,0.0,0.15,0.0,3462.849153641778,5,-0.5282591581344604,-4.391341644804925e-05,564.9429649024049,160.0,-0.0,6007.465120077039,5764.534879922961,1.1717903589669731e-06,1.4981300528417896e-05,False,-0.0,True,0,0,-0.015017452649772167,36.67123031616211,0.08174851536750793,False,True,-0.9473443031311035,304.7066650390625,-2.2351741790771484e-08,0.0,0.0,1.0,2936.75146484375,2936.75146484375,0.3388177454471588,0.061182260513305664,0.0,asphalt,True,0.7326555848121643,304.70733642578125,2.60770320892334e-08,0.0,0.0,1.0,2936.765380859375,2936.765380859375,0.33881744742393494,0.06118255853652954,0.0,asphalt,True,-0.9464428424835205,302.5066223144531,-7.450580596923828e-09,0.0,0.0,1.0,2949.23583984375,2949.23583984375,0.3385578691959381,0.06144213676452637,0.0,asphalt,True,0.7335569858551025,302.5073547363281,-4.0978193283081055e-08,0.0,0.0,1.0,2949.246826171875,2949.246826171875,0.338557630777359,0.06144237518310547,0.0,asphalt,1176,111.15290693021177,920.312329216368,111.152791716136,36.67122268676758,8.468516170978546e-06,0.00025187598137107976,2.309308376029188e-07,6.842377017871945,-0.010843785195365493,0.0,0.0,-0.0,2936.754150390625,True,0.0,1175,4.667379755845781e-06,0.00011428225566334309,2.1733753506723948e-07,True,1176,111.1529202794894,920.3144927455746,111.15280506541362,36.671226501464844,8.470378816127777e-06,0.0002518920594675406,2.309816066770844e-07,6.86807600813685,0.004702927120380247,0.0,0.0,-0.0,2936.771484375,True,0.0,1175,4.731665134812025e-06,0.00011471080697828428,-9.425845915246138e-08,True,1176,111.20525629460448,920.1773227239415,111.2051410805287,36.67122268676758,1.1041760444641113e-05,0.0007229617261020991,3.011015078214199e-07,35.26682766273648,-0.014379771936358792,42.5351052073337,33.2112,33.2112,2949.23291015625,True,0.0,1175,0.0009213660680044807,0.000586547082821354,2.869249832917546e-07,True,1176,111.20523086804158,920.1801917002082,111.2051156539658,36.671226501464844,1.1042691767215729e-05,0.0007226288160233449,3.011268730478456e-07,35.37778596875012,-0.09549378514086393,42.5351052073337,33.2112,33.2112,2949.244140625,True,0.0,1175,0.0009303071299924496,0.0005883903190507006,1.9059692452567117e-06,True,1176
7.850000000000,942,held_throttle,0.0,0.15,0.0,1,-0.10764418542385101,305.439697265625,0.4186876714229584,0.02348192408680916,36.64485168457031,0.006770281121134758,1.0248000762658194e-05,asphalt,0.0,0.15,0.0,3460.3546128243665,5,-0.5273436307907104,-4.35694819316268e-05,564.1302442388842,160.0,-0.0,6007.307666263705,5764.692333736295,1.1713756293829647e-06,1.4970952141347864e-05,False,-0.0,True,0,0,-0.015008822083473206,36.64484786987305,0.08174851536750793,False,True,-0.9480950832366943,306.5394287109375,-2.2351741790771484e-08,0.0,0.0,1.0,2936.7490234375,2936.7490234375,0.3388177454471588,0.061182260513305664,0.0,asphalt,True,0.7319048047065735,306.54010009765625,0.0,0.0,0.0,1.0,2936.7607421875,2936.7607421875,0.3388175070285797,0.061182498931884766,0.0,asphalt,True,-0.9471933841705322,304.33941650390625,-1.862645149230957e-08,0.0,0.0,1.0,2949.240966796875,2949.240966796875,0.33855780959129333,0.06144219636917114,0.0,asphalt,True,0.7328065037727356,304.340087890625,2.9802322387695312e-08,0.0,0.0,1.0,2949.25537109375,2949.25537109375,0.33855751156806946,0.06144249439239502,0.0,asphalt,1182,111.07290701956208,925.8677685375357,111.07279211097466,36.644840240478516,8.43685120344162e-06,0.000251579101354318,2.3023299182300653e-07,6.831213814979613,-0.01079354052456925,0.0,0.0,-0.0,2936.748779296875,True,0.0,1181,4.648252375528737e-06,0.00011409601470547031,2.163308964506165e-07,True,1182,111.07292038803375,925.869933243859,111.07280547944633,36.64484405517578,8.437782526016235e-06,0.0002515953639065474,2.3025838268847318e-07,6.856929071913668,0.004738325455401374,0.0,0.0,-0.0,2936.7607421875,True,0.0,1181,4.705823887938876e-06,0.0001145250491541335,-9.496827381914014e-08,True,1182,111.1252420777453,925.7353830238432,111.12512716915788,36.644840240478516,1.1008232831954956e-05,0.0007228751716093956,3.004033517328517e-07,35.26829379476439,-0.01433124154803856,42.53924122385281,33.2112,33.2112,2949.238037109375,True,0.0,1181,0.0009229679031722385,0.0005865704233034036,2.8595576436480776e-07,True,1182,111.12521655392467,925.7382528634861,111.12510164533725,36.64484405517578,1.1010095477104187e-05,0.000722541146020258,3.0045415012616957e-07,35.379357640392,-0.09550656885036471,42.53924122385281,33.2112,33.2112,2949.255859375,True,0.0,1181,0.0009319535207479258,0.0005884140957419571,1.9062169283386345e-06,True,1182
7.900000000000,948,held_throttle,0.0,0.15,0.0,1,-0.10839436948299408,307.2711486816406,0.4186876714229584,0.023485315963625908,36.61849594116211,0.006773820146918297,1.0119461876456626e-05,asphalt,0.0,0.15,0.0,3457.863273168414,5,-0.5268858671188354,-4.4083615648560226e-05,563.3190474004077,160.0,-0.0,6007.1554648045585,5764.8445351954415,1.170709879261267e-06,1.4953373722803254e-05,False,-0.0,True,0,0,-0.01500021107494831,36.618492126464844,0.08174856007099152,False,True,-0.9488453269004822,308.3708801269531,1.1175870895385742e-08,0.0,0.0,1.0,2936.74658203125,2936.74658203125,0.33881786465644836,0.06118214130401611,0.0,asphalt,True,0.7311545014381409,308.3715515136719,1.862645149230957e-08,0.0,0.0,1.0,2936.759765625,2936.759765625,0.3388175666332245,0.06118243932723999,0.0,asphalt,True,-0.9479435086250305,306.1708679199219,7.450580596923828e-09,0.0,0.0,1.0,2949.2412109375,2949.2412109375,0.33855774998664856,0.06144225597381592,0.0,asphalt,True,0.7320563197135925,306.17156982421875,1.1175870895385742e-08,0.0,0.0,1.0,2949.25439453125,2949.25439453125,0.3385574519634247,0.061442553997039795,0.0,asphalt,1188,110.99300341630386,931.4192106067932,110.99288836889117,36.61848449707031,8.480623364448547e-06,0.0002514202986936274,2.315940564150571e-07,6.822080681149245,-0.010860918953742013,0.0,0.0,-0.0,2936.743896484375,True,0.0,1187,4.629979281396885e-06,0.00011394366083510027,2.1768169529217264e-07,True,1188,110.9930167597955,931.4213764902291,110.9929017123828,36.61848831176758,8.481554687023163e-06,0.00025143634785108795,2.3161946541352476e-07,6.847811175738269,0.004661126971780397,0.0,0.0,-0.0,2936.760498046875,True,0.0,1187,4.698141943497207e-06,0.00011437277028260553,-9.34210283227158e-08,True,1188,111.04532411560481,931.2894453572789,111.04520906819212,36.61848449707031,1.1051073670387268e-05,0.0007229261790284533,3.017894875270188e-07,35.27176573673793,-0.014400756081155455,42.54337188663149,33.2112,33.2112,2949.243408203125,True,0.0,1187,0.0009247134389654109,0.000586627076271094,2.873424906283846e-07,True,1188,111.04529860304564,931.2923160578137,111.04518355563295,36.61848831176758,1.1052004992961884e-05,0.000722592014509313,3.0181488921294215e-07,35.382863320954165,-0.0956441843666548,42.54337188663149,33.2112,33.2112,2949.2568359375,True,0.0,1187,0.0009337173021909758,0.0005884721828590176,1.9089629989486406e-06,True,1188
7.950000000000,954,held_throttle,0.0,0.15,0.0,1,-0.10914412885904312,309.1012878417969,0.4186876714229584,0.02348870411515236,36.5921745300293,0.006777763832360506,9.784073881746735e-06,asphalt,0.0,0.15,0.0,3455.3749970385334,5,-0.5259703397750854,-4.3962965719401836e-05,562.5093723598122,160.0,-0.0,6007.006812054789,5764.993187945211,1.1702669553415035e-06,1.4917817683543111e-05,False,-0.0,True,0,0,-0.014991615898907185,36.59217071533203,0.08174867182970047,False,True,-0.9495951533317566,310.2010192871094,-1.4901161193847656e-08,0.0,0.0,1.0,2936.739013671875,2936.739013671875,0.33881792426109314,0.06118208169937134,0.0,asphalt,True,0.7304046750068665,310.2016906738281,-1.1175870895385742e-08,0.0,0.0,1.0,2936.752685546875,2936.752685546875,0.33881762623786926,0.061182379722595215,0.0,asphalt,True,-0.9486932158470154,308.0010070800781,-1.1175870895385742e-08,0.0,0.0,1.0,2949.24853515625,2949.24853515625,0.3385576903820038,0.06144231557846069,0.0,asphalt,True,0.7313066124916077,308.001708984375,4.0978193283081055e-08,0.0,0.0,1.0,2949.264404296875,2949.264404296875,0.33855733275413513,0.061442673206329346,0.0,asphalt,1194,110.91319327193597,936.9666599746846,110.91307892763544,36.5921630859375,8.483417332172394e-06,0.0002511656329194756,2.3183700051425627e-07,6.81345665245564,-0.010850322845684919,0.0,0.0,-0.0,2936.739990234375,True,0.0,1193,4.621027132021898e-06,0.00011379977167698511,2.1746960894503956e-07,True,1194,110.91320662905885,936.9688270355626,110.91309228475832,36.592166900634766,8.485279977321625e-06,0.0002511818165787247,2.31887879183626e-07,6.839205974982406,0.004663761747202391,0.0,0.0,-0.0,2936.753662109375,True,0.0,1193,4.6890808433149e-06,0.00011422931092769144,-9.34740521577538e-08,True,1194,110.96549968565307,936.8395142778423,110.96538534135254,36.5921630859375,1.1053867638111115e-05,0.000722881844013698,3.0208292448168554e-07,35.2757549273339,-0.014390307030682954,42.54749727219372,33.2112,33.2112,2949.24658203125,True,0.0,1193,0.0009265229710141603,0.0005866927687148566,2.871334900062001e-07,True,1194,110.96547407462619,936.842385838543,110.96535973032566,36.592166900634766,1.105479896068573e-05,0.0007225465511149752,3.0210834440891296e-07,35.386913872372,-0.09570185157274262,42.54749727219372,33.2112,33.2112,2949.262939453125,True,0.0,1193,0.0009355490546092248,0.0005885383086553988,1.9101101214403838e-06,True,1194
8.000000000000,960,held_throttle,0.0,0.15,0.0,1,-0.10989345610141754,310.9301452636719,0.4186876714229584,0.023492084816098213,36.565887451171875,0.006783580873161554,9.387602403876372e-06,asphalt,0.0,0.15,0.0,3452.889821278781,5,-0.5255125761032104,-4.358279693406075e-05,561.7014514598111,160.0,-0.0,6006.850711688399,5765.149288311601,1.169635766018473e-06,1.4879410602122079e-05,False,-0.0,True,0,0,-0.01498302724212408,36.56588363647461,0.08174869418144226,False,True,-0.950344443321228,312.02984619140625,1.4901161193847656e-08,0.0,0.0,1.0,2936.732666015625,2936.732666015625,0.3388180434703827,0.06118196249008179,0.0,asphalt,True,0.7296553254127502,312.0305480957031,-2.2351741790771484e-08,0.0,0.0,1.0,2936.74658203125,2936.74658203125,0.3388177454471588,0.061182260513305664,0.0,asphalt,True,-0.9494423866271973,309.829833984375,-4.0978193283081055e-08,0.0,0.0,1.0,2949.251220703125,2949.251220703125,0.338557630777359,0.06144237518310547,0.0,asphalt,True,0.730557382106781,309.83056640625,7.450580596923828e-09,0.0,0.0,1.0,2949.267822265625,2949.267822265625,0.33855727314949036,0.06144273281097412,0.0,asphalt,1200,110.83349171117176,942.5101218149945,110.83337660974236,36.56587600708008,8.420087397098541e-06,0.0002509513953618343,2.3027172644429607e-07,6.801051239562183,-0.01076775855566768,0.0,0.0,-0.0,2936.735107421875,True,0.0,1199,4.605588663022283e-06,0.00011359276223154666,2.1581515728131504e-07,True,1200,110.83350506983533,942.5122900535245,110.83338996840592,36.565879821777344,8.421018719673157e-06,0.0002509676045822688,2.3029717213744566e-07,6.826813837014963,0.004730777614458831,0.0,0.0,-0.0,2936.74609375,True,0.0,1199,4.662916664632696e-06,0.00011402262932253598,-9.481746428811669e-08,True,1200,110.88578373978909,942.3855949526796,110.88566863835969,36.56587600708008,1.0988675057888031e-05,0.0007228768988115612,3.005172105205415e-07,35.275916392829735,-0.014305446069435023,42.55161744203832,33.2112,33.2112,2949.25244140625,True,0.0,1199,0.0009280472695504933,0.0005866942633816933,2.854391159209333e-07,True,1200,110.88575813822858,942.3884673740642,110.88564303679918,36.565879821777344,1.0989606380462646e-05,0.0007225414503046349,3.005426488854042e-07,35.387159510611276,-0.09567469484090002,42.55161744203832,33.2112,33.2112,2949.268798828125,True,0.0,1199,0.0009370806374725939,0.0005885411995986624,1.9095644315022682e-06,True,1200
