NEWTON 4 3.0309088572266774 (-2.1668852244350707e-19, -4.3349368086620503e-19, 2.141626371994453e-24, 1.056559587919474e-30, 3.029976350179976e-14, 9.622710498035019e-17, -1.7876979126404047e-16, 4.3934699525771487e-16, -1.0975676483285359e-16)
LINE 4 0 3.0309088572266774 (-2.168404344971009e-19, -4.336808689942018e-19, 0.0, 0.0, 3.0309088572266774e-14, 6.938893903907228e-18, 0.0, -6.938893903907228e-18, -1.1102230246251565e-16)
LINE 4 1 1.5154544286133387 (1.0842021724855044e-19, 2.168404344971009e-19, 0.0, 0.0, -1.5154544286133387e-14, -4.163336342344337e-17, 9.020562075079397e-17, -2.220446049250313e-16, 5.551115123125783e-17)
NEWTON 5 1.5154544286133387 (-1.0834422435677926e-19, -2.1674709143317014e-19, 1.0920095033573686e-24, 5.266371651221202e-31, 1.514988175066125e-14, 4.124018784872151e-17, -8.938489563202024e-17, 2.1967349763164174e-16, -5.4878382413641565e-17)
LINE 5 0 3.0309088572266774 (-2.168404344971009e-19, -4.336808689942018e-19, 0.0, 0.0, 3.0309088572266774e-14, 0.0, 0.0, 0.0, -1.1102230246251565e-16)
LINE 5 1 2.273181642920008 (-1.0842021724855044e-19, -3.2526065174565133e-19, 0.0, 0.0, 2.273181642920008e-14, -2.0816681711721685e-17, 4.85722573273506e-17, -1.1102230246251565e-16, -8.326672684688674e-17)
LINE 5 2 1.892930256985892 (-1.0842021724855044e-19, -2.168404344971009e-19, 0.0, 0.0, 1.892930256985892e-14, -3.469446951953614e-17, 6.938893903907228e-17, -1.6653345369377348e-16, -6.938893903907228e-17)
LINE 5 3 1.7041923427996153 (-1.0842021724855044e-19, -2.168404344971009e-19, 0.0, 0.0, 1.7041923427996153e-14, -3.469446951953614e-17, 7.632783294297951e-17, -1.942890293094024e-16, -6.245004513516506e-17)
LINE 5 4 1.609823385706477 (-1.0842021724855044e-19, -2.168404344971009e-19, 0.0, 0.0, 1.609823385706477e-14, -4.163336342344337e-17, 8.326672684688674e-17, -2.0816681711721685e-16, -5.551115123125783e-17)
LINE 5 5 1.4682699500667695 (1.0842021724855044e-19, 2.168404344971009e-19, 0.0, 0.0, -1.4682699500667695e-14, -4.163336342344337e-17, 9.020562075079397e-17, -2.1510571102112408e-16, 5.551115123125783e-17)
NEWTON 6 1.4682699500667695 (-1.083473437496051e-19, -2.1675101644325205e-19, 1.0933266022598725e-24, 5.0442209310924795e-31, 1.467822930119778e-14, 4.124018784872151e-17, -8.938489563202024e-17, 2.1280823492017847e-16, -5.488030473334213e-17)
LINE 6 0 3.0309088572266774 (-2.168404344971009e-19, -4.336808689942018e-19, 0.0, 0.0, 3.0309088572266774e-14, 0.0, 0.0, 0.0, -1.1102230246251565e-16)
LINE 6 1 2.295386103412511 (-1.0842021724855044e-19, -3.2526065174565133e-19, 0.0, 0.0, 2.295386103412511e-14, -2.0816681711721685e-17, 4.85722573273506e-17, -1.1102230246251565e-16, -8.326672684688674e-17)
LINE 6 2 1.9290125052862095 (-1.0842021724855044e-19, -2.168404344971009e-19, 0.0, 0.0, 1.9290125052862095e-14, -3.469446951953614e-17, 6.938893903907228e-17, -1.5959455978986625e-16, -6.938893903907228e-17)
LINE 6 3 1.7458257062230587 (-1.0842021724855044e-19, -2.168404344971009e-19, 0.0, 0.0, 1.7458257062230587e-14, -3.469446951953614e-17, 7.632783294297951e-17, -1.8735013540549517e-16, -6.245004513516506e-17)
LINE 6 4 1.6542323066914832 (-1.0842021724855044e-19, -2.168404344971009e-19, 0.0, 0.0, 1.6542323066914832e-14, -4.163336342344337e-17, 8.326672684688674e-17, -2.0122792321330962e-16, -5.551115123125783e-17)
LINE 6 5 1.609823385706477 (-1.0842021724855044e-19, -2.168404344971009e-19, 0.0, 0.0, 1.609823385706477e-14, -4.163336342344337e-17, 9.020562075079397e-17, -2.0816681711721685e-16, -5.551115123125783e-17)
LINE 6 6 1.4460654895742664 (1.0842021724855044e-19, 2.168404344971009e-19, 0.0, 0.0, -1.4460654895742664e-14, -4.163336342344337e-17, 9.020562075079397e-17, -2.1510571102112408e-16, 5.551115123125783e-17)
NEWTON 7 1.4460654895742664 (-1.0834734974898986e-19, -2.1675101731924275e-19, 1.092110232606114e-24, 5.04422096395719e-31, 1.4456184696241874e-14, 4.124018784872151e-17, -8.938489563202024e-17, 2.1280823492048696e-16, -5.4880304733033506e-17)
LINE 7 0 3.0309088572266774 (-2.168404344971009e-19, -4.336808689942018e-19, 0.0, 0.0, 3.0309088572266774e-14, 0.0, 0.0, 0.0, -1.1102230246251565e-16)
LINE 7 1 2.3064883336587627 (-1.0842021724855044e-19, -3.2526065174565133e-19, 0.0, 0.0, 2.3064883336587627e-14, -2.0816681711721685e-17, 4.85722573273506e-17, -1.1102230246251565e-16, -8.326672684688674e-17)
LINE 7 2 1.9456658506555868 (-1.0842021724855044e-19, -2.168404344971009e-19, 0.0, 0.0, 1.9456658506555868e-14, -3.469446951953614e-17, 6.938893903907228e-17, -1.5959455978986625e-16, -6.938893903907228e-17)
LINE 7 3 1.765254609153999 (-1.0842021724855044e-19, -2.168404344971009e-19, 0.0, 0.0, 1.765254609153999e-14, -3.469446951953614e-17, 7.632783294297951e-17, -1.8735013540549517e-16, -6.245004513516506e-17)
LINE 7 4 1.6764367671839864 (-1.0842021724855044e-19, -2.168404344971009e-19, 0.0, 0.0, 1.6764367671839864e-14, -4.163336342344337e-17, 8.326672684688674e-17, -2.0122792321330962e-16, -5.551115123125783e-17)
LINE 7 5 1.6292522886374172 (-1.0842021724855044e-19, -2.168404344971009e-19, 0.0, 0.0, 1.6292522886374172e-14, -4.163336342344337e-17, 9.020562075079397e-17, -2.0816681711721685e-16, -5.551115123125783e-17)
LINE 7 6 1.4238610290817633 (1.0842021724855044e-19, 2.168404344971009e-19, 0.0, 0.0, -1.4238610290817633e-14, -4.163336342344337e-17, 9.020562075079397e-17, -2.1510571102112408e-16, 5.551115123125783e-17)
NEWTON 8 1.4238610290817633 (-1.0834735574837464e-19, -2.1675101819523342e-19, 1.0908938629523553e-24, 5.044220996821902e-31, 1.423414009128596e-14, 4.124018784872151e-17, -8.938489563202024e-17, 2.128082349207955e-16, -5.488030473272488e-17)
LINE 8 0 3.0309088572266774 (-2.168404344971009e-19, -4.336808689942018e-19, 0.0, 0.0, 3.0309088572266774e-14, 0.0, 0.0, 0.0, -1.1102230246251565e-16)
LINE 8 1 2.3175905639050143 (-1.0842021724855044e-19, -3.2526065174565133e-19, 0.0, 0.0, 2.3175905639050143e-14, -2.0816681711721685e-17, 4.85722573273506e-17, -1.1102230246251565e-16, -8.326672684688674e-17)
LINE 8 2 1.9623191960249642 (-1.0842021724855044e-19, -2.168404344971009e-19, 0.0, 0.0, 1.9623191960249642e-14, -3.469446951953614e-17, 6.938893903907228e-17, -1.5959455978986625e-16, -6.938893903907228e-17)
LINE 8 3 1.7846835120849391 (-1.0842021724855044e-19, -2.168404344971009e-19, 0.0, 0.0, 1.784683512084939e-14, -3.469446951953614e-17, 7.632783294297951e-17, -1.8735013540549517e-16, -6.245004513516506e-17)
LINE 8 4 1.6958656701149266 (-1.0842021724855044e-19, -2.168404344971009e-19, 0.0, 0.0, 1.6958656701149266e-14, -4.163336342344337e-17, 8.326672684688674e-17, -2.0122792321330962e-16, -5.551115123125783e-17)
LINE 8 5 1.6514567491299204 (-1.0842021724855044e-19, -2.168404344971009e-19, 0.0, 0.0, 1.6514567491299204e-14, -4.163336342344337e-17, 9.020562075079397e-17, -2.0816681711721685e-16, -5.551115123125783e-17)
LINE 8 6 1.4016565685892601 (1.0842021724855044e-19, 2.168404344971009e-19, 0.0, 0.0, -1.4016565685892601e-14, -4.163336342344337e-17, 9.020562075079397e-17, -2.1510571102112408e-16, 5.551115123125783e-17)
NEWTON 9 1.4016565685892601 (-1.0834736174775942e-19, -2.1675101907122412e-19, 1.0896774932985966e-24, 5.044221029686613e-31, 1.4012095486330052e-14, 4.124018784872151e-17, -8.938489563202024e-17, 2.1280823492110402e-16, -5.488030473241626e-17)
LINE 9 0 3.0309088572266774 (-2.168404344971009e-19, -4.336808689942018e-19, 0.0, 0.0, 3.0309088572266774e-14, 0.0, 0.0, 0.0, -1.1102230246251565e-16)
LINE 9 1 2.328692794151266 (-1.0842021724855044e-19, -3.2526065174565133e-19, 0.0, 0.0, 2.328692794151266e-14, -2.0816681711721685e-17, 4.85722573273506e-17, -1.1102230246251565e-16, -8.326672684688674e-17)
LINE 9 2 1.9789725413943415 (-1.0842021724855044e-19, -2.168404344971009e-19, 0.0, 0.0, 1.9789725413943415e-14, -3.469446951953614e-17, 6.938893903907228e-17, -1.5959455978986625e-16, -6.938893903907228e-17)
LINE 9 3 1.8041124150158794 (-1.0842021724855044e-19, -2.168404344971009e-19, 0.0, 0.0, 1.8041124150158794e-14, -3.469446951953614e-17, 7.632783294297951e-17, -1.8735013540549517e-16, -6.245004513516506e-17)
LINE 9 4 1.7180701306074297 (-1.0842021724855044e-19, -2.168404344971009e-19, 0.0, 0.0, 1.7180701306074297e-14, -4.163336342344337e-17, 8.326672684688674e-17, -2.0122792321330962e-16, -5.551115123125783e-17)
LINE 9 5 1.6736612096224235 (-1.0842021724855044e-19, -2.168404344971009e-19, 0.0, 0.0, 1.6736612096224235e-14, -4.163336342344337e-17, 9.020562075079397e-17, -2.0816681711721685e-16, -5.551115123125783e-17)
LINE 9 6 1.379452108096757 (1.0842021724855044e-19, 2.168404344971009e-19, 0.0, 0.0, -1.379452108096757e-14, -4.163336342344337e-17, 9.020562075079397e-17, -2.1510571102112408e-16, 5.551115123125783e-17)
NEWTON 10 1.379452108096757 (-1.0834736774714418e-19, -2.167510199472148e-19, 1.0884611236448379e-24, 5.044221062551324e-31, 1.3790050881374141e-14, 4.124018784872151e-17, -8.938489563202024e-17, 2.1280823492141257e-16, -5.4880304732107636e-17)
LINE 10 0 3.0309088572266774 (-2.168404344971009e-19, -4.336808689942018e-19, 0.0, 0.0, 3.0309088572266774e-14, 0.0, 0.0, 0.0, -1.1102230246251565e-16)
LINE 10 1 2.3397950243975174 (-1.0842021724855044e-19, -3.2526065174565133e-19, 0.0, 0.0, 2.3397950243975174e-14, -2.0816681711721685e-17, 4.85722573273506e-17, -1.1102230246251565e-16, -8.326672684688674e-17)
LINE 10 2 1.9956258867637189 (-1.0842021724855044e-19, -2.168404344971009e-19, 0.0, 0.0, 1.995625886763719e-14, -3.469446951953614e-17, 6.938893903907228e-17, -1.5959455978986625e-16, -6.938893903907228e-17)
LINE 10 3 1.8235413179468196 (-1.0842021724855044e-19, -2.168404344971009e-19, 0.0, 0.0, 1.8235413179468196e-14, -3.469446951953614e-17, 7.632783294297951e-17, -1.8735013540549517e-16, -6.245004513516506e-17)
LINE 10 4 1.73749903353837 (-1.0842021724855044e-19, -2.168404344971009e-19, 0.0, 0.0, 1.73749903353837e-14, -4.163336342344337e-17, 8.326672684688674e-17, -2.0122792321330962e-16, -5.551115123125783e-17)
LINE 10 5 1.6958656701149266 (-1.0842021724855044e-19, -2.168404344971009e-19, 0.0, 0.0, 1.6958656701149266e-14, -4.163336342344337e-17, 9.020562075079397e-17, -2.0816681711721685e-16, -5.551115123125783e-17)
LINE 10 6 1.3572476476042539 (1.0842021724855044e-19, 2.168404344971009e-19, 0.0, 0.0, -1.3572476476042539e-14, -4.163336342344337e-17, 9.020562075079397e-17, -2.1510571102112408e-16, 5.551115123125783e-17)
NEWTON 11 1.3572476476042539 (-1.0834737374652896e-19, -2.167510208232055e-19, 1.0872447539910794e-24, 5.0442210954160356e-31, 1.356800627641823e-14, 4.124018784872151e-17, -8.938489563202024e-17, 2.1280823492172108e-16, -5.4880304731799006e-17)
LINE 11 0 3.0309088572266774 (-2.168404344971009e-19, -4.336808689942018e-19, 0.0, 0.0, 3.0309088572266774e-14, 0.0, 0.0, 0.0, -1.1102230246251565e-16)
LINE 11 1 2.350897254643769 (-1.0842021724855044e-19, -3.2526065174565133e-19, 0.0, 0.0, 2.350897254643769e-14, -2.0816681711721685e-17, 4.85722573273506e-17, -1.1102230246251565e-16, -8.326672684688674e-17)
LINE 11 2 2.0122792321330962 (-1.0842021724855044e-19, -2.168404344971009e-19, 0.0, 0.0, 2.0122792321330962e-14, -3.469446951953614e-17, 6.938893903907228e-17, -1.5959455978986625e-16, -6.938893903907228e-17)
LINE 11 3 1.8429702208777599 (-1.0842021724855044e-19, -2.168404344971009e-19, 0.0, 0.0, 1.84297022087776e-14, -3.469446951953614e-17, 7.632783294297951e-17, -1.8735013540549517e-16, -6.245004513516506e-17)
LINE 11 4 1.7597034940308731 (-1.0842021724855044e-19, -2.168404344971009e-19, 0.0, 0.0, 1.759703494030873e-14, -4.163336342344337e-17, 8.326672684688674e-17, -2.0122792321330962e-16, -5.551115123125783e-17)
LINE 11 5 1.7152945730458669 (-1.0842021724855044e-19, -2.168404344971009e-19, 0.0, 0.0, 1.715294573045867e-14, -4.163336342344337e-17, 9.020562075079397e-17, -2.0816681711721685e-16, -5.551115123125783e-17)
LINE 11 6 1.3350431871117507 (1.0842021724855044e-19, 2.168404344971009e-19, 0.0, 0.0, -1.3350431871117507e-14, -4.163336342344337e-17, 9.020562075079397e-17, -2.1510571102112408e-16, 5.551115123125783e-17)
NEWTON 12 1.3350431871117507 (-1.0834737974591374e-19, -2.1675102169919616e-19, 1.0860283843373208e-24, 5.044221128280746e-31, 1.334596167146232e-14, 4.124018784872151e-17, -8.938489563202024e-17, 2.1280823492202958e-16, -5.488030473149038e-17)
LINE 12 0 3.0309088572266774 (-2.168404344971009e-19, -4.336808689942018e-19, 0.0, 0.0, 3.0309088572266774e-14, 0.0, 0.0, 0.0, -1.1102230246251565e-16)
LINE 12 1 2.3619994848900205 (-1.0842021724855044e-19, -3.2526065174565133e-19, 0.0, 0.0, 2.3619994848900205e-14, -2.0816681711721685e-17, 4.85722573273506e-17, -1.1102230246251565e-16, -8.326672684688674e-17)
LINE 12 2 2.0289325775024736 (-1.0842021724855044e-19, -2.168404344971009e-19, 0.0, 0.0, 2.0289325775024736e-14, -3.469446951953614e-17, 6.938893903907228e-17, -1.5959455978986625e-16, -6.938893903907228e-17)
LINE 12 3 1.8623991238087 (-1.0842021724855044e-19, -2.168404344971009e-19, 0.0, 0.0, 1.8623991238087e-14, -3.469446951953614e-17, 7.632783294297951e-17, -1.8735013540549517e-16, -6.245004513516506e-17)
LINE 12 4 1.7791323969618134 (-1.0842021724855044e-19, -2.168404344971009e-19, 0.0, 0.0, 1.7791323969618134e-14, -4.163336342344337e-17, 8.326672684688674e-17, -2.0122792321330962e-16, -5.551115123125783e-17)
LINE 12 5 1.73749903353837 (-1.0842021724855044e-19, -2.168404344971009e-19, 0.0, 0.0, 1.73749903353837e-14, -4.163336342344337e-17, 9.020562075079397e-17, -2.0816681711721685e-16, -5.551115123125783e-17)
LINE 12 6 1.3128387266192476 (1.0842021724855044e-19, 2.168404344971009e-19, 0.0, 0.0, -1.3128387266192476e-14, -4.163336342344337e-17, 9.020562075079397e-17, -2.1510571102112408e-16, 5.551115123125783e-17)
NEWTON 13 1.3128387266192476 (-1.0834738574529852e-19, -2.1675102257518684e-19, 1.0848120146835621e-24, 5.044221161145457e-31, 1.3123917066506408e-14, 4.124018784872151e-17, -8.938489563202024e-17, 2.1280823492233812e-16, -5.488030473118176e-17)
LINE 13 0 3.0309088572266774 (-2.168404344971009e-19, -4.336808689942018e-19, 0.0, 0.0, 3.0309088572266774e-14, 0.0, 0.0, 0.0, -1.1102230246251565e-16)
LINE 13 1 2.373101715136272 (-1.0842021724855044e-19, -3.2526065174565133e-19, 0.0, 0.0, 2.373101715136272e-14, -2.0816681711721685e-17, 4.85722573273506e-17, -1.1102230246251565e-16, -8.326672684688674e-17)
LINE 13 2 2.045585922871851 (-1.0842021724855044e-19, -2.168404344971009e-19, 0.0, 0.0, 2.045585922871851e-14, -3.469446951953614e-17, 6.938893903907228e-17, -1.5959455978986625e-16, -6.938893903907228e-17)
LINE 13 3 1.8818280267396403 (-1.0842021724855044e-19, -2.168404344971009e-19, 0.0, 0.0, 1.8818280267396403e-14, -3.469446951953614e-17, 7.632783294297951e-17, -1.8735013540549517e-16, -6.245004513516506e-17)
LINE 13 4 1.8013368574543165 (-1.0842021724855044e-19, -2.168404344971009e-19, 0.0, 0.0, 1.8013368574543165e-14, -4.163336342344337e-17, 8.326672684688674e-17, -2.0122792321330962e-16, -5.551115123125783e-17)
LINE 13 5 1.7597034940308731 (-1.0842021724855044e-19, -2.168404344971009e-19, 0.0, 0.0, 1.759703494030873e-14, -4.163336342344337e-17, 9.020562075079397e-17, -2.0816681711721685e-16, -5.551115123125783e-17)
LINE 13 6 1.2934098236883074 (1.0842021724855044e-19, 2.168404344971009e-19, 0.0, 0.0, -1.2934098236883074e-14, -4.163336342344337e-17, 9.020562075079397e-17, -2.1510571102112408e-16, 5.551115123125783e-17)
NEWTON 14 1.2934098236883074 (-1.083473909947602e-19, -2.167510233416787e-19, 1.0837476912365233e-24, 5.04422118990208e-31, 1.2929628037169987e-14, 4.124018784872151e-17, -8.938489563202024e-17, 2.1280823492260808e-16, -5.4880304730911704e-17)
LINE 14 0 3.0309088572266774 (-2.168404344971009e-19, -4.336808689942018e-19, 0.0, 0.0, 3.0309088572266774e-14, 0.0, 0.0, 0.0, -1.1102230246251565e-16)
LINE 14 1 2.3842039453825237 (-1.0842021724855044e-19, -3.2526065174565133e-19, 0.0, 0.0, 2.3842039453825237e-14, -2.0816681711721685e-17, 4.85722573273506e-17, -1.1102230246251565e-16, -8.326672684688674e-17)
LINE 14 2 2.0594637106796654 (-1.0842021724855044e-19, -2.168404344971009e-19, 0.0, 0.0, 2.0594637106796654e-14, -3.469446951953614e-17, 6.938893903907228e-17, -1.5959455978986625e-16, -6.938893903907228e-17)
LINE 14 3 1.8984813721090177 (-1.0842021724855044e-19, -2.168404344971009e-19, 0.0, 0.0, 1.8984813721090177e-14, -3.469446951953614e-17, 7.632783294297951e-17, -1.8735013540549517e-16, -6.245004513516506e-17)
LINE 14 4 1.8179902028236938 (-1.0842021724855044e-19, -2.168404344971009e-19, 0.0, 0.0, 1.8179902028236938e-14, -4.163336342344337e-17, 8.326672684688674e-17, -2.0122792321330962e-16, -5.551115123125783e-17)
LINE 14 5 1.7791323969618134 (-1.0842021724855044e-19, -2.168404344971009e-19, 0.0, 0.0, 1.7791323969618134e-14, -4.163336342344337e-17, 9.020562075079397e-17, -2.0816681711721685e-16, -5.551115123125783e-17)
LINE 14 6 1.2739809207573671 (1.0842021724855044e-19, 2.168404344971009e-19, 0.0, 0.0, -1.2739809207573671e-14, -4.163336342344337e-17, 9.020562075079397e-17, -2.1510571102112408e-16, 5.551115123125783e-17)
NEWTON 15 1.2739809207573671 (-1.0834739624422188e-19, -2.1675102410817052e-19, 1.0826833677894844e-24, 5.044221218658702e-31, 1.2735339007833565e-14, 4.124018784872151e-17, -8.938489563202024e-17, 2.1280823492287802e-16, -5.488030473064166e-17)
LINE 15 0 3.0309088572266774 (-2.168404344971009e-19, -4.336808689942018e-19, 0.0, 0.0, 3.0309088572266774e-14, 0.0, 0.0, 0.0, -1.1102230246251565e-16)
LINE 15 1 2.3925306180672123 (-1.0842021724855044e-19, -3.2526065174565133e-19, 0.0, 0.0, 2.3925306180672123e-14, -2.0816681711721685e-17, 4.85722573273506e-17, -1.1102230246251565e-16, -8.326672684688674e-17)
LINE 15 2 2.0761170560490427 (-1.0842021724855044e-19, -2.168404344971009e-19, 0.0, 0.0, 2.0761170560490427e-14, -3.469446951953614e-17, 6.938893903907228e-17, -1.5959455978986625e-16, -6.938893903907228e-17)
LINE 15 3 1.915134717478395 (-1.0842021724855044e-19, -2.168404344971009e-19, 0.0, 0.0, 1.915134717478395e-14, -3.469446951953614e-17, 7.632783294297951e-17, -1.8735013540549517e-16, -6.245004513516506e-17)
LINE 15 4 1.837419105754634 (-1.0842021724855044e-19, -2.168404344971009e-19, 0.0, 0.0, 1.837419105754634e-14, -4.163336342344337e-17, 8.326672684688674e-17, -2.0122792321330962e-16, -5.551115123125783e-17)
LINE 15 5 1.7957857423311907 (-1.0842021724855044e-19, -2.168404344971009e-19, 0.0, 0.0, 1.7957857423311907e-14, -4.163336342344337e-17, 9.020562075079397e-17, -2.0816681711721685e-16, -5.551115123125783e-17)
LINE 15 6 1.254552017826427 (1.0842021724855044e-19, 2.168404344971009e-19, 0.0, 0.0, -1.2545520178264269e-14, -4.163336342344337e-17, 9.020562075079397e-17, -2.1510571102112408e-16, 5.551115123125783e-17)
NEWTON 16 1.254552017826427 (-1.0834740149368354e-19, -2.1675102487466238e-19, 1.0816190443424456e-24, 5.044221247415323e-31, 1.2541049978497144e-14, 4.124018784872151e-17, -8.938489563202024e-17, 2.1280823492314799e-16, -5.488030473037162e-17)
LINE 16 0 3.0309088572266774 (-2.168404344971009e-19, -4.336808689942018e-19, 0.0, 0.0, 3.0309088572266774e-14, 0.0, 0.0, 0.0, -1.1102230246251565e-16)
LINE 16 1 2.403632848313464 (-1.0842021724855044e-19, -3.2526065174565133e-19, 0.0, 0.0, 2.403632848313464e-14, -2.0816681711721685e-17, 4.85722573273506e-17, -1.1102230246251565e-16, -8.326672684688674e-17)
LINE 16 2 2.089994843856857 (-1.0842021724855044e-19, -2.168404344971009e-19, 0.0, 0.0, 2.0899948438568572e-14, -3.469446951953614e-17, 6.938893903907228e-17, -1.5959455978986625e-16, -6.938893903907228e-17)
LINE 16 3 1.9317880628477724 (-1.0842021724855044e-19, -2.168404344971009e-19, 0.0, 0.0, 1.9317880628477724e-14, -3.469446951953614e-17, 7.632783294297951e-17, -1.8735013540549517e-16, -6.245004513516506e-17)
LINE 16 4 1.8540724511240114 (-1.0842021724855044e-19, -2.168404344971009e-19, 0.0, 0.0, 1.8540724511240114e-14, -4.163336342344337e-17, 8.326672684688674e-17, -2.0122792321330962e-16, -5.551115123125783e-17)
LINE 16 5 1.815214645262131 (-1.0842021724855044e-19, -2.168404344971009e-19, 0.0, 0.0, 1.815214645262131e-14, -4.163336342344337e-17, 9.020562075079397e-17, -2.0816681711721685e-16, -5.551115123125783e-17)
LINE 16 6 1.2351231148954867 (1.0842021724855044e-19, 2.168404344971009e-19, 0.0, 0.0, -1.2351231148954867e-14, -4.163336342344337e-17, 9.020562075079397e-17, -2.1510571102112408e-16, 5.551115123125783e-17)
NEWTON 17 1.2351231148954867 (-1.0834740674314522e-19, -2.1675102564115423e-19, 1.0805547208954068e-24, 5.044221276171945e-31, 1.2346760949160723e-14, 4.124018784872151e-17, -8.938489563202024e-17, 2.1280823492341795e-16, -5.488030473010157e-17)
LINE 17 0 3.0309088572266774 (-2.168404344971009e-19, -4.336808689942018e-19, 0.0, 0.0, 3.0309088572266774e-14, 0.0, 0.0, 0.0, -1.1102230246251565e-16)
LINE 17 1 2.4119595209981526 (-1.0842021724855044e-19, -3.2526065174565133e-19, 0.0, 0.0, 2.4119595209981526e-14, -2.0816681711721685e-17, 4.85722573273506e-17, -1.1102230246251565e-16, -8.326672684688674e-17)
LINE 17 2 2.1038726316646716 (-1.0842021724855044e-19, -2.168404344971009e-19, 0.0, 0.0, 2.1038726316646716e-14, -3.469446951953614e-17, 6.938893903907228e-17, -1.5959455978986625e-16, -6.938893903907228e-17)
LINE 17 3 1.9512169657787126 (-1.0842021724855044e-19, -2.168404344971009e-19, 0.0, 0.0, 1.9512169657787126e-14, -3.469446951953614e-17, 7.632783294297951e-17, -1.8735013540549517e-16, -6.245004513516506e-17)
LINE 17 4 1.8735013540549517 (-1.0842021724855044e-19, -2.168404344971009e-19, 0.0, 0.0, 1.8735013540549517e-14, -4.163336342344337e-17, 8.326672684688674e-17, -2.0122792321330962e-16, -5.551115123125783e-17)
LINE 17 5 1.8346435481930712 (-1.0842021724855044e-19, -2.168404344971009e-19, 0.0, 0.0, 1.8346435481930712e-14, -4.163336342344337e-17, 9.020562075079397e-17, -2.0816681711721685e-16, -5.551115123125783e-17)
LINE 17 6 1.2156942119645464 (1.0842021724855044e-19, 2.168404344971009e-19, 0.0, 0.0, -1.2156942119645464e-14, -4.163336342344337e-17, 9.020562075079397e-17, -2.1510571102112408e-16, 5.551115123125783e-17)
NEWTON 18 1.2156942119645464 (-1.0834741199260691e-19, -2.167510264076461e-19, 1.079490397448368e-24, 5.044221304928568e-31, 1.21524719198243e-14, 4.124018784872151e-17, -8.938489563202024e-17, 2.128082349236879e-16, -5.4880304729831526e-17)
LINE 18 0 3.0309088572266774 (-2.168404344971009e-19, -4.336808689942018e-19, 0.0, 0.0, 3.0309088572266774e-14, 0.0, 0.0, 0.0, -1.1102230246251565e-16)
LINE 18 1 2.423061751244404 (-1.0842021724855044e-19, -3.2526065174565133e-19, 0.0, 0.0, 2.423061751244404e-14, -2.0816681711721685e-17, 4.85722573273506e-17, -1.1102230246251565e-16, -8.326672684688674e-17)
LINE 18 2 2.117750419472486 (-1.0842021724855044e-19, -2.168404344971009e-19, 0.0, 0.0, 2.117750419472486e-14, -3.469446951953614e-17, 6.938893903907228e-17, -1.5959455978986625e-16, -6.938893903907228e-17)
LINE 18 3 1.96787031114809 (-1.0842021724855044e-19, -2.168404344971009e-19, 0.0, 0.0, 1.96787031114809e-14, -3.469446951953614e-17, 7.632783294297951e-17, -1.8735013540549517e-16, -6.245004513516506e-17)
LINE 18 4 1.890154699424329 (-1.0842021724855044e-19, -2.168404344971009e-19, 0.0, 0.0, 1.890154699424329e-14, -4.163336342344337e-17, 8.326672684688674e-17, -2.0122792321330962e-16, -5.551115123125783e-17)
LINE 18 5 1.8540724511240114 (-1.0842021724855044e-19, -2.168404344971009e-19, 0.0, 0.0, 1.8540724511240114e-14, -4.163336342344337e-17, 9.020562075079397e-17, -2.0816681711721685e-16, -5.551115123125783e-17)
LINE 18 6 1.1962653090336062 (1.0842021724855044e-19, 2.168404344971009e-19, 0.0, 0.0, -1.1962653090336062e-14, -4.163336342344337e-17, 9.020562075079397e-17, -2.1510571102112408e-16, 5.551115123125783e-17)
NEWTON 19 1.1962653090336062 (-1.0834741724206859e-19, -2.1675102717413792e-19, 1.0784260740013292e-24, 5.044221333685189e-31, 1.195818289048788e-14, 4.124018784872151e-17, -8.938489563202024e-17, 2.1280823492395785e-16, -5.4880304729561476e-17)
LINE 19 0 3.0309088572266774 (-2.168404344971009e-19, -4.336808689942018e-19, 0.0, 0.0, 3.0309088572266774e-14, 0.0, 0.0, 0.0, -1.1102230246251565e-16)
LINE 19 1 2.431388423929093 (-1.0842021724855044e-19, -3.2526065174565133e-19, 0.0, 0.0, 2.4313884239290928e-14, -2.0816681711721685e-17, 4.85722573273506e-17, -1.1102230246251565e-16, -8.326672684688674e-17)
LINE 19 2 2.1344037648418634 (-1.0842021724855044e-19, -2.168404344971009e-19, 0.0, 0.0, 2.1344037648418634e-14, -3.469446951953614e-17, 6.938893903907228e-17, -1.5959455978986625e-16, -6.938893903907228e-17)
LINE 19 3 1.9845236565174673 (-1.0842021724855044e-19, -2.168404344971009e-19, 0.0, 0.0, 1.9845236565174673e-14, -3.469446951953614e-17, 7.632783294297951e-17, -1.8735013540549517e-16, -6.245004513516506e-17)
LINE 19 4 1.9095836023552692 (-1.0842021724855044e-19, -2.168404344971009e-19, 0.0, 0.0, 1.9095836023552692e-14, -4.163336342344337e-17, 8.326672684688674e-17, -2.0122792321330962e-16, -5.551115123125783e-17)
LINE 19 5 1.8707257964933888 (-1.0842021724855044e-19, -2.168404344971009e-19, 0.0, 0.0, 1.8707257964933888e-14, -4.163336342344337e-17, 9.020562075079397e-17, -2.0816681711721685e-16, -5.551115123125783e-17)
LINE 19 6 1.176836406102666 (1.0842021724855044e-19, 2.168404344971009e-19, 0.0, 0.0, -1.176836406102666e-14, -4.163336342344337e-17, 9.020562075079397e-17, -2.1510571102112408e-16, 5.551115123125783e-17)
NEWTON 20 1.176836406102666 (-1.0834742249153026e-19, -2.1675102794062977e-19, 1.0773617505542904e-24, 5.044221362441812e-31, 1.1763893861151457e-14, 4.124018784872151e-17, -8.938489563202024e-17, 2.1280823492422781e-16, -5.488030472929143e-17)
LINE 20 0 3.0309088572266774 (-2.168404344971009e-19, -4.336808689942018e-19, 0.0, 0.0, 3.0309088572266774e-14, 0.0, 0.0, 0.0, -1.1102230246251565e-16)
LINE 20 1 2.4424906541753444 (-1.0842021724855044e-19, -3.2526065174565133e-19, 0.0, 0.0, 2.4424906541753444e-14, -2.0816681711721685e-17, 4.85722573273506e-17, -1.1102230246251565e-16, -8.326672684688674e-17)
LINE 20 2 2.148281552649678 (-1.0842021724855044e-19, -2.168404344971009e-19, 0.0, 0.0, 2.148281552649678e-14, -3.469446951953614e-17, 6.938893903907228e-17, -1.5959455978986625e-16, -6.938893903907228e-17)
LINE 20 3 2.0011770018868447 (-1.0842021724855044e-19, -2.168404344971009e-19, 0.0, 0.0, 2.0011770018868447e-14, -3.469446951953614e-17, 7.632783294297951e-17, -1.8735013540549517e-16, -6.245004513516506e-17)
LINE 20 4 1.9262369477246466 (-1.0842021724855044e-19, -2.168404344971009e-19, 0.0, 0.0, 1.9262369477246466e-14, -4.163336342344337e-17, 8.326672684688674e-17, -2.0122792321330962e-16, -5.551115123125783e-17)
LINE 20 5 1.890154699424329 (-1.0842021724855044e-19, -2.168404344971009e-19, 0.0, 0.0, 1.890154699424329e-14, -4.163336342344337e-17, 9.020562075079397e-17, -2.0816681711721685e-16, -5.551115123125783e-17)
LINE 20 6 1.1574075031717257 (1.0842021724855044e-19, 2.168404344971009e-19, 0.0, 0.0, -1.1574075031717257e-14, -4.163336342344337e-17, 9.020562075079397e-17, -2.1510571102112408e-16, 5.551115123125783e-17)
NEWTON 21 1.1574075031717257 (-1.0834742774099194e-19, -2.1675102870712163e-19, 1.0762974271072516e-24, 5.044221391198435e-31, 1.1569604831815036e-14, 4.124018784872151e-17, -8.938489563202024e-17, 2.1280823492449778e-16, -5.4880304729021384e-17)
LINE 21 0 3.0309088572266774 (-2.168404344971009e-19, -4.336808689942018e-19, 0.0, 0.0, 3.0309088572266774e-14, 0.0, 0.0, 0.0, -1.1102230246251565e-16)
LINE 21 1 2.450817326860033 (-1.0842021724855044e-19, -3.2526065174565133e-19, 0.0, 0.0, 2.450817326860033e-14, -2.0816681711721685e-17, 4.85722573273506e-17, -1.1102230246251565e-16, -8.326672684688674e-17)
LINE 21 2 2.1621593404574924 (-1.0842021724855044e-19, -2.168404344971009e-19, 0.0, 0.0, 2.1621593404574924e-14, -3.469446951953614e-17, 6.938893903907228e-17, -1.5959455978986625e-16, -6.938893903907228e-17)
LINE 21 3 2.017830347256222 (-1.0842021724855044e-19, -2.168404344971009e-19, 0.0, 0.0, 2.017830347256222e-14, -3.469446951953614e-17, 7.632783294297951e-17, -1.8735013540549517e-16, -6.245004513516506e-17)
LINE 21 4 1.9456658506555868 (-1.0842021724855044e-19, -2.168404344971009e-19, 0.0, 0.0, 1.9456658506555868e-14, -4.163336342344337e-17, 8.326672684688674e-17, -2.0122792321330962e-16, -5.551115123125783e-17)
LINE 21 5 1.9095836023552692 (-1.0842021724855044e-19, -2.168404344971009e-19, 0.0, 0.0, 1.9095836023552692e-14, -4.163336342344337e-17, 9.020562075079397e-17, -2.0816681711721685e-16, -5.551115123125783e-17)
LINE 21 6 1.1379786002407855 (1.0842021724855044e-19, 2.168404344971009e-19, 0.0, 0.0, -1.1379786002407855e-14, -4.163336342344337e-17, 9.020562075079397e-17, -2.1510571102112408e-16, 5.551115123125783e-17)
NEWTON 22 1.1379786002407855 (-1.0834743299045362e-19, -2.1675102947361348e-19, 1.0752331036602126e-24, 5.0442214199550564e-31, 1.1375315802478614e-14, 4.124018784872151e-17, -8.938489563202024e-17, 2.1280823492476774e-16, -5.4880304728751335e-17)
LINE 22 0 3.0309088572266774 (-2.168404344971009e-19, -4.336808689942018e-19, 0.0, 0.0, 3.0309088572266774e-14, 0.0, 0.0, 0.0, -1.1102230246251565e-16)
LINE 22 1 2.4619195571062846 (-1.0842021724855044e-19, -3.2526065174565133e-19, 0.0, 0.0, 2.4619195571062846e-14, -2.0816681711721685e-17, 4.85722573273506e-17, -1.1102230246251565e-16, -8.326672684688674e-17)
LINE 22 2 2.176037128265307 (-1.0842021724855044e-19, -2.168404344971009e-19, 0.0, 0.0, 2.1760371282653068e-14, -3.469446951953614e-17, 6.938893903907228e-17, -1.5959455978986625e-16, -6.938893903907228e-17)
LINE 22 3 2.0344836926255994 (-1.0842021724855044e-19, -2.168404344971009e-19, 0.0, 0.0, 2.0344836926255994e-14, -3.469446951953614e-17, 7.632783294297951e-17, -1.8735013540549517e-16, -6.245004513516506e-17)
LINE 22 4 1.965094753586527 (-1.0842021724855044e-19, -2.168404344971009e-19, 0.0, 0.0, 1.965094753586527e-14, -4.163336342344337e-17, 8.326672684688674e-17, -2.0122792321330962e-16, -5.551115123125783e-17)
LINE 22 5 1.9290125052862095 (-1.0842021724855044e-19, -2.168404344971009e-19, 0.0, 0.0, 1.9290125052862095e-14, -4.163336342344337e-17, 9.020562075079397e-17, -2.0816681711721685e-16, -5.551115123125783e-17)
LINE 22 6 1.121325254871408 (1.0842021724855044e-19, 2.168404344971009e-19, 0.0, 0.0, -1.1213252548714081e-14, -4.163336342344337e-17, 9.020562075079397e-17, -2.1510571102112408e-16, 5.551115123125783e-17)
NEWTON 23 1.121325254871408 (-1.0834743748999219e-19, -2.167510301306065e-19, 1.0743208264198937e-24, 5.04422144460359e-31, 1.1208782348761681e-14, 4.124018784872151e-17, -8.938489563202024e-17, 2.1280823492499912e-16, -5.4880304728519866e-17)
LINE 23 0 3.0309088572266774 (-2.168404344971009e-19, -4.336808689942018e-19, 0.0, 0.0, 3.0309088572266774e-14, 0.0, 0.0, 0.0, -1.1102230246251565e-16)
LINE 23 1 2.4702462297909733 (-1.0842021724855044e-19, -3.2526065174565133e-19, 0.0, 0.0, 2.4702462297909733e-14, -2.0816681711721685e-17, 4.85722573273506e-17, -1.1102230246251565e-16, -8.326672684688674e-17)
LINE 23 2 2.1899149160731213 (-1.0842021724855044e-19, -2.168404344971009e-19, 0.0, 0.0, 2.1899149160731213e-14, -3.469446951953614e-17, 6.938893903907228e-17, -1.5959455978986625e-16, -6.938893903907228e-17)
LINE 23 3 2.048361480433414 (-1.0842021724855044e-19, -2.168404344971009e-19, 0.0, 0.0, 2.0483614804334138e-14, -3.469446951953614e-17, 7.632783294297951e-17, -1.8735013540549517e-16, -6.245004513516506e-17)
LINE 23 4 1.9789725413943415 (-1.0842021724855044e-19, -2.168404344971009e-19, 0.0, 0.0, 1.9789725413943415e-14, -4.163336342344337e-17, 8.326672684688674e-17, -2.0122792321330962e-16, -5.551115123125783e-17)
LINE 23 5 1.9456658506555868 (-1.0842021724855044e-19, -2.168404344971009e-19, 0.0, 0.0, 1.9456658506555868e-14, -4.163336342344337e-17, 9.020562075079397e-17, -2.0816681711721685e-16, -5.551115123125783e-17)
LINE 23 6 1.1046719095020308 (1.0842021724855044e-19, 2.168404344971009e-19, 0.0, 0.0, -1.1046719095020308e-14, -4.163336342344337e-17, 9.020562075079397e-17, -2.1510571102112408e-16, 5.551115123125783e-17)
NEWTON 24 1.1046719095020308 (-1.0834744198953078e-19, -2.167510307875995e-19, 1.0734085491795749e-24, 5.044221469252123e-31, 1.1042248895044748e-14, 4.124018784872151e-17, -8.938489563202024e-17, 2.1280823492523053e-16, -5.4880304728288396e-17)
LINE 24 0 3.0309088572266774 (-2.168404344971009e-19, -4.336808689942018e-19, 0.0, 0.0, 3.0309088572266774e-14, 0.0, 0.0, 0.0, -1.1102230246251565e-16)
LINE 24 1 2.478572902475662 (-1.0842021724855044e-19, -3.2526065174565133e-19, 0.0, 0.0, 2.478572902475662e-14, -2.0816681711721685e-17, 4.85722573273506e-17, -1.1102230246251565e-16, -8.326672684688674e-17)
LINE 24 2 2.201017146319373 (-1.0842021724855044e-19, -2.168404344971009e-19, 0.0, 0.0, 2.2010171463193728e-14, -3.469446951953614e-17, 6.938893903907228e-17, -1.5959455978986625e-16, -6.938893903907228e-17)
LINE 24 3 2.065014825802791 (-1.0842021724855044e-19, -2.168404344971009e-19, 0.0, 0.0, 2.0650148258027912e-14, -3.469446951953614e-17, 7.632783294297951e-17, -1.8735013540549517e-16, -6.245004513516506e-17)
LINE 24 4 1.9956258867637189 (-1.0842021724855044e-19, -2.168404344971009e-19, 0.0, 0.0, 1.995625886763719e-14, -4.163336342344337e-17, 8.326672684688674e-17, -2.0122792321330962e-16, -5.551115123125783e-17)
LINE 24 5 1.9595436384634013 (-1.0842021724855044e-19, -2.168404344971009e-19, 0.0, 0.0, 1.9595436384634013e-14, -4.163336342344337e-17, 9.020562075079397e-17, -2.0816681711721685e-16, -5.551115123125783e-17)
LINE 24 6 1.0880185641326534 (1.0842021724855044e-19, 2.168404344971009e-19, 0.0, 0.0, -1.0880185641326534e-14, -4.163336342344337e-17, 9.020562075079397e-17, -2.1510571102112408e-16, 5.551115123125783e-17)
NEWTON 25 1.0880185641326534 (-1.0834744648906936e-19, -2.1675103144459252e-19, 1.0724962719392558e-24, 5.044221493900657e-31, 1.0875715441327815e-14, 4.124018784872151e-17, -8.938489563202024e-17, 2.128082349254619e-16, -5.488030472805693e-17)
LINE 25 0 3.0309088572266774 (-2.168404344971009e-19, -4.336808689942018e-19, 0.0, 0.0, 3.0309088572266774e-14, 0.0, 0.0, 0.0, -1.1102230246251565e-16)
LINE 25 1 2.4868995751603507 (-1.0842021724855044e-19, -3.2526065174565133e-19, 0.0, 0.0, 2.4868995751603507e-14, -2.0816681711721685e-17, 4.85722573273506e-17, -1.1102230246251565e-16, -8.326672684688674e-17)
LINE 25 2 2.2148949341271873 (-1.0842021724855044e-19, -2.168404344971009e-19, 0.0, 0.0, 2.2148949341271873e-14, -3.469446951953614e-17, 6.938893903907228e-17, -1.5959455978986625e-16, -6.938893903907228e-17)
LINE 25 3 2.0788926136106056 (-1.0842021724855044e-19, -2.168404344971009e-19, 0.0, 0.0, 2.0788926136106056e-14, -3.469446951953614e-17, 7.632783294297951e-17, -1.8735013540549517e-16, -6.245004513516506e-17)
LINE 25 4 2.0095036745715333 (-1.0842021724855044e-19, -2.168404344971009e-19, 0.0, 0.0, 2.0095036745715333e-14, -4.163336342344337e-17, 8.326672684688674e-17, -2.0122792321330962e-16, -5.551115123125783e-17)
LINE 25 5 1.9761969838327786 (-1.0842021724855044e-19, -2.168404344971009e-19, 0.0, 0.0, 1.9761969838327786e-14, -4.163336342344337e-17, 9.020562075079397e-17, -2.0816681711721685e-16, -5.551115123125783e-17)
LINE 25 6 1.071365218763276 (1.0842021724855044e-19, 2.168404344971009e-19, 0.0, 0.0, -1.071365218763276e-14, -4.163336342344337e-17, 9.020562075079397e-17, -2.1510571102112408e-16, 5.551115123125783e-17)
NEWTON 26 1.071365218763276 (-1.0834745098860795e-19, -2.1675103210158553e-19, 1.0715839946989369e-24, 5.04422151854919e-31, 1.0709181987610883e-14, 4.124018784872151e-17, -8.938489563202024e-17, 2.128082349256933e-16, -5.488030472782546e-17)
LINE 26 0 3.0309088572266774 (-2.168404344971009e-19, -4.336808689942018e-19, 0.0, 0.0, 3.0309088572266774e-14, 0.0, 0.0, 0.0, -1.1102230246251565e-16)
LINE 26 1 2.4952262478450393 (-1.0842021724855044e-19, -3.2526065174565133e-19, 0.0, 0.0, 2.4952262478450393e-14, -2.0816681711721685e-17, 4.85722573273506e-17, -1.1102230246251565e-16, -8.326672684688674e-17)
LINE 26 2 2.225997164373439 (-1.0842021724855044e-19, -2.168404344971009e-19, 0.0, 0.0, 2.225997164373439e-14, -3.469446951953614e-17, 6.938893903907228e-17, -1.5959455978986625e-16, -6.938893903907228e-17)
LINE 26 3 2.09277040141842 (-1.0842021724855044e-19, -2.168404344971009e-19, 0.0, 0.0, 2.09277040141842e-14, -3.469446951953614e-17, 7.632783294297951e-17, -1.8735013540549517e-16, -6.245004513516506e-17)
LINE 26 4 2.0261570199409107 (-1.0842021724855044e-19, -2.168404344971009e-19, 0.0, 0.0, 2.0261570199409107e-14, -4.163336342344337e-17, 8.326672684688674e-17, -2.0122792321330962e-16, -5.551115123125783e-17)
LINE 26 5 1.992850329202156 (-1.0842021724855044e-19, -2.168404344971009e-19, 0.0, 0.0, 1.992850329202156e-14, -4.163336342344337e-17, 9.020562075079397e-17, -2.0816681711721685e-16, -5.551115123125783e-17)
LINE 26 6 1.0547118733938987 (1.0842021724855044e-19, 2.168404344971009e-19, 0.0, 0.0, -1.0547118733938987e-14, -4.163336342344337e-17, 9.020562075079397e-17, -2.1510571102112408e-16, 5.551115123125783e-17)
NEWTON 27 1.0547118733938987 (-1.0834745548814652e-19, -2.1675103275857854e-19, 1.0706717174586177e-24, 5.044221543197724e-31, 1.054264853389395e-14, 4.124018784872151e-17, -8.938489563202024e-17, 2.128082349259247e-16, -5.488030472759399e-17)
LINE 27 0 3.0309088572266774 (-2.168404344971009e-19, -4.336808689942018e-19, 0.0, 0.0, 3.0309088572266774e-14, 0.0, 0.0, 0.0, -1.1102230246251565e-16)
LINE 27 1 2.503552920529728 (-1.0842021724855044e-19, -3.2526065174565133e-19, 0.0, 0.0, 2.503552920529728e-14, -2.0816681711721685e-17, 4.85722573273506e-17, -1.1102230246251565e-16, -8.326672684688674e-17)
LINE 27 2 2.2398749521812533 (-1.0842021724855044e-19, -2.168404344971009e-19, 0.0, 0.0, 2.2398749521812533e-14, -3.469446951953614e-17, 6.938893903907228e-17, -1.5959455978986625e-16, -6.938893903907228e-17)
LINE 27 3 2.1066481892262345 (-1.0842021724855044e-19, -2.168404344971009e-19, 0.0, 0.0, 2.1066481892262345e-14, -3.469446951953614e-17, 7.632783294297951e-17, -1.8735013540549517e-16, -6.245004513516506e-17)
LINE 27 4 2.042810365310288 (-1.0842021724855044e-19, -2.168404344971009e-19, 0.0, 0.0, 2.042810365310288e-14, -4.163336342344337e-17, 8.326672684688674e-17, -2.0122792321330962e-16, -5.551115123125783e-17)
LINE 27 5 2.0095036745715333 (-1.0842021724855044e-19, -2.168404344971009e-19, 0.0, 0.0, 2.0095036745715333e-14, -4.163336342344337e-17, 9.020562075079397e-17, -2.0816681711721685e-16, -5.551115123125783e-17)
LINE 27 6 1.0380585280245214 (1.0842021724855044e-19, 2.168404344971009e-19, 0.0, 0.0, -1.0380585280245214e-14, -4.163336342344337e-17, 9.020562075079397e-17, -2.1510571102112408e-16, 5.551115123125783e-17)
NEWTON 28 1.0380585280245214 (-1.0834745998768511e-19, -2.1675103341557155e-19, 1.069759440218299e-24, 5.044221567846256e-31, 1.0376115080177017e-14, 4.124018784872151e-17, -8.938489563202024e-17, 2.1280823492615608e-16, -5.488030472736252e-17)
LINE 28 0 3.0309088572266774 (-2.168404344971009e-19, -4.336808689942018e-19, 0.0, 0.0, 3.0309088572266774e-14, 0.0, 0.0, 0.0, -1.1102230246251565e-16)
LINE 28 1 2.5118795932144167 (-1.0842021724855044e-19, -3.2526065174565133e-19, 0.0, 0.0, 2.5118795932144167e-14, -2.0816681711721685e-17, 4.85722573273506e-17, -1.1102230246251565e-16, -8.326672684688674e-17)
LINE 28 2 2.250977182427505 (-1.0842021724855044e-19, -2.168404344971009e-19, 0.0, 0.0, 2.250977182427505e-14, -3.469446951953614e-17, 6.938893903907228e-17, -1.5959455978986625e-16, -6.938893903907228e-17)
LINE 28 3 2.123301534595612 (-1.0842021724855044e-19, -2.168404344971009e-19, 0.0, 0.0, 2.123301534595612e-14, -3.469446951953614e-17, 7.632783294297951e-17, -1.8735013540549517e-16, -6.245004513516506e-17)
LINE 28 4 2.0566881531181025 (-1.0842021724855044e-19, -2.168404344971009e-19, 0.0, 0.0, 2.0566881531181025e-14, -4.163336342344337e-17, 8.326672684688674e-17, -2.0122792321330962e-16, -5.551115123125783e-17)
LINE 28 5 2.0261570199409107 (-1.0842021724855044e-19, -2.168404344971009e-19, 0.0, 0.0, 2.0261570199409107e-14, -4.163336342344337e-17, 9.020562075079397e-17, -2.0816681711721685e-16, -5.551115123125783e-17)
LINE 28 6 1.021405182655144 (1.0842021724855044e-19, 2.168404344971009e-19, 0.0, 0.0, -1.021405182655144e-14, -4.163336342344337e-17, 9.020562075079397e-17, -2.1510571102112408e-16, 5.551115123125783e-17)
NEWTON 29 1.021405182655144 (-1.0834746448722369e-19, -2.1675103407256456e-19, 1.06884716297798e-24, 5.04422159249479e-31, 1.0209581626460084e-14, 4.124018784872151e-17, -8.938489563202024e-17, 2.1280823492638747e-16, -5.488030472713105e-17)
LINE 29 0 3.0309088572266774 (-2.168404344971009e-19, -4.336808689942018e-19, 0.0, 0.0, 3.0309088572266774e-14, 0.0, 0.0, 0.0, -1.1102230246251565e-16)
LINE 29 1 2.5202062658991053 (-1.0842021724855044e-19, -3.2526065174565133e-19, 0.0, 0.0, 2.5202062658991053e-14, -2.0816681711721685e-17, 4.85722573273506e-17, -1.1102230246251565e-16, -8.326672684688674e-17)
LINE 29 2 2.2648549702353193 (-1.0842021724855044e-19, -2.168404344971009e-19, 0.0, 0.0, 2.2648549702353193e-14, -3.469446951953614e-17, 6.938893903907228e-17, -1.5959455978986625e-16, -6.938893903907228e-17)
LINE 29 3 2.1371793224034263 (-1.0842021724855044e-19, -2.168404344971009e-19, 0.0, 0.0, 2.1371793224034263e-14, -3.469446951953614e-17, 7.632783294297951e-17, -1.8735013540549517e-16, -6.245004513516506e-17)
LINE 29 4 2.07334149848748 (-1.0842021724855044e-19, -2.168404344971009e-19, 0.0, 0.0, 2.0733414984874798e-14, -4.163336342344337e-17, 8.326672684688674e-17, -2.0122792321330962e-16, -5.551115123125783e-17)
LINE 29 5 2.040034807748725 (-1.0842021724855044e-19, -2.168404344971009e-19, 0.0, 0.0, 2.040034807748725e-14, -4.163336342344337e-17, 9.020562075079397e-17, -2.0816681711721685e-16, -5.551115123125783e-17)
LINE 29 6 1.0047518372857667 (1.0842021724855044e-19, 2.168404344971009e-19, 0.0, 0.0, -1.0047518372857667e-14, -4.163336342344337e-17, 9.020562075079397e-17, -2.1510571102112408e-16, 5.551115123125783e-17)
{"status": "failed", "exception": "\u66f2\u8f74/\u56db\u8f6e\u8f6c\u5b50\u5171\u540c\u672b\u72b6\u6001\u8d85\u8fc730\u6b21\u8fed\u4ee3\uff1a1.02141e-14", "saved_residual_exact": true}
0 [0, 1, 2, 4, 5, 6, 7, 8] 3.20973730451638e-06 [-7.032476644710812e-07, 3.20973730451638e-06, 1.0529115762429597e-08, 1.9195870512023205e-06, -1.151086115314115e-08, 2.5928109922968012e-08, -3.7794241847244336e-08, -1.0323729537908832e-08]
1 [0, 1, 2, 4, 5, 6, 7, 8] 1.338745891921178e-09 [-4.087637346661399e-14, -3.498720410610723e-14, -2.873781941581388e-13, 1.338745891921178e-09, 1.0974221531512285e-10, -2.380698763126965e-10, 4.025225708303992e-10, 9.665335198860703e-11]
2 [4, 5, 6, 7, 8] 1.3900131046185038e-11 [-1.3900131046185038e-11, -1.0462603006189397e-12, 2.1859389298661824e-12, -4.290789945571305e-12, -8.910649995641506e-13]
3 [4, 6, 7] 1.667554982986985e-13 [1.667554982986985e-13, -2.0067281170099704e-14, 4.574118861455645e-14]
4 [4] 3.0309088572266774e-14 [-3.0309088572266774e-14]
5 [4] 1.5154544286133387e-14 [-1.5154544286133387e-14]
6 [4] 1.4682699500667695e-14 [-1.4682699500667695e-14]
7 [4] 1.4460654895742664e-14 [-1.4460654895742664e-14]
8 [4] 1.4238610290817633e-14 [-1.4238610290817633e-14]
9 [4] 1.4016565685892601e-14 [-1.4016565685892601e-14]
10 [4] 1.379452108096757e-14 [-1.379452108096757e-14]
11 [4] 1.3572476476042539e-14 [-1.3572476476042539e-14]
12 [4] 1.3350431871117507e-14 [-1.3350431871117507e-14]
13 [4] 1.3128387266192476e-14 [-1.3128387266192476e-14]
14 [4] 1.2934098236883074e-14 [-1.2934098236883074e-14]
15 [4] 1.2739809207573671e-14 [-1.2739809207573671e-14]
16 [4] 1.2545520178264269e-14 [-1.2545520178264269e-14]
17 [4] 1.2351231148954867e-14 [-1.2351231148954867e-14]
18 [4] 1.2156942119645464e-14 [-1.2156942119645464e-14]
19 [4] 1.1962653090336062e-14 [-1.1962653090336062e-14]
20 [4] 1.176836406102666e-14 [-1.176836406102666e-14]
21 [4] 1.1574075031717257e-14 [-1.1574075031717257e-14]
22 [4] 1.1379786002407855e-14 [-1.1379786002407855e-14]
23 [4] 1.1213252548714081e-14 [-1.1213252548714081e-14]
24 [4] 1.1046719095020308e-14 [-1.1046719095020308e-14]
25 [4] 1.0880185641326534e-14 [-1.0880185641326534e-14]
26 [4] 1.071365218763276e-14 [-1.071365218763276e-14]
27 [4] 1.0547118733938987e-14 [-1.0547118733938987e-14]
28 [4] 1.0380585280245214e-14 [-1.0380585280245214e-14]
29 [4] 1.021405182655144e-14 [-1.021405182655144e-14]
