tick,time_s,command.steering,command.throttle,command.brake,command.direction,command.wheel_brakes,command.gear,command.clutch,state.position.0,state.position.1,state.position.2,state.heading,state.speed,state.pitch,state.roll,state.wheels.0.position.0,state.wheels.0.position.1,state.wheels.0.position.2,state.wheels.0.orientation.0,state.wheels.0.orientation.1,state.wheels.0.orientation.2,state.wheels.0.orientation.3,state.wheels.1.position.0,state.wheels.1.position.1,state.wheels.1.position.2,state.wheels.1.orientation.0,state.wheels.1.orientation.1,state.wheels.1.orientation.2,state.wheels.1.orientation.3,state.wheels.2.position.0,state.wheels.2.position.1,state.wheels.2.position.2,state.wheels.2.orientation.0,state.wheels.2.orientation.1,state.wheels.2.orientation.2,state.wheels.2.orientation.3,state.wheels.3.position.0,state.wheels.3.position.1,state.wheels.3.position.2,state.wheels.3.orientation.0,state.wheels.3.orientation.1,state.wheels.3.orientation.2,state.wheels.3.orientation.3,state.surface,state.steering,state.throttle,state.brake,state.rpm,state.gear,state.acceleration,state.lateral_acceleration,state.dynamics.aerodynamic_force,state.dynamics.rolling_force,state.dynamics.grade_force,state.dynamics.front_load,state.dynamics.rear_load,state.dynamics.yaw_rate,state.dynamics.sideslip,state.dynamics.traction_limited,state.dynamics.road_grade,state.active,state.generation,state.signal,state.velocity.0,state.velocity.1,state.velocity.2,state.hazards,state.wheel_contacts.0.in_contact,state.wheel_contacts.0.contact_point.0,state.wheel_contacts.0.contact_point.1,state.wheel_contacts.0.contact_point.2,state.wheel_contacts.0.contact_normal.0,state.wheel_contacts.0.contact_normal.1,state.wheel_contacts.0.contact_normal.2,state.wheel_contacts.0.suspension_force,state.wheel_contacts.0.normal_load,state.wheel_contacts.0.suspension_length,state.wheel_contacts.0.compression,state.wheel_contacts.0.skid,state.wheel_contacts.0.surface,state.wheel_contacts.1.in_contact,state.wheel_contacts.1.contact_point.0,state.wheel_contacts.1.contact_point.1,state.wheel_contacts.1.contact_point.2,state.wheel_contacts.1.contact_normal.0,state.wheel_contacts.1.contact_normal.1,state.wheel_contacts.1.contact_normal.2,state.wheel_contacts.1.suspension_force,state.wheel_contacts.1.normal_load,state.wheel_contacts.1.suspension_length,state.wheel_contacts.1.compression,state.wheel_contacts.1.skid,state.wheel_contacts.1.surface,state.wheel_contacts.2.in_contact,state.wheel_contacts.2.contact_point.0,state.wheel_contacts.2.contact_point.1,state.wheel_contacts.2.contact_point.2,state.wheel_contacts.2.contact_normal.0,state.wheel_contacts.2.contact_normal.1,state.wheel_contacts.2.contact_normal.2,state.wheel_contacts.2.suspension_force,state.wheel_contacts.2.normal_load,state.wheel_contacts.2.suspension_length,state.wheel_contacts.2.compression,state.wheel_contacts.2.skid,state.wheel_contacts.2.surface,state.wheel_contacts.3.in_contact,state.wheel_contacts.3.contact_point.0,state.wheel_contacts.3.contact_point.1,state.wheel_contacts.3.contact_point.2,state.wheel_contacts.3.contact_normal.0,state.wheel_contacts.3.contact_normal.1,state.wheel_contacts.3.contact_normal.2,state.wheel_contacts.3.suspension_force,state.wheel_contacts.3.normal_load,state.wheel_contacts.3.suspension_length,state.wheel_contacts.3.compression,state.wheel_contacts.3.skid,state.wheel_contacts.3.surface,state.contact_tick,state.wheel_dynamics.0.omega,state.wheel_dynamics.0.rotation,state.wheel_dynamics.0.relative_omega,state.wheel_dynamics.0.longitudinal_speed,state.wheel_dynamics.0.lateral_speed,state.wheel_dynamics.0.kappa,state.wheel_dynamics.0.alpha,state.wheel_dynamics.0.fx,state.wheel_dynamics.0.fy,state.wheel_dynamics.0.drive_torque,state.wheel_dynamics.0.brake_capacity,state.wheel_dynamics.0.brake_torque,state.wheel_dynamics.0.normal_load,state.wheel_dynamics.0.road_support,state.wheel_dynamics.0.steering,state.wheel_dynamics.0.force_contact_tick,state.wheel_dynamics.0.force_residual,state.wheel_dynamics.0.force_kappa,state.wheel_dynamics.0.force_alpha,state.wheel_dynamics.0.sample_support,state.wheel_dynamics.0.sample_tick,state.wheel_dynamics.0.force_mode,state.wheel_dynamics.0.longitudinal_impulse,state.wheel_dynamics.0.lateral_impulse,state.wheel_dynamics.0.brake_angular_impulse,state.wheel_dynamics.0.force_grip,state.wheel_dynamics.0.sample_grip,state.wheel_dynamics.0.force_longitudinal_stiffness,state.wheel_dynamics.0.force_lateral_stiffness,state.wheel_dynamics.0.deformation_x,state.wheel_dynamics.0.deformation_y,state.wheel_dynamics.0.force_patch_kappa,state.wheel_dynamics.0.force_patch_alpha,state.wheel_dynamics.0.elastic_energy,state.wheel_dynamics.0.material_dissipation,state.wheel_dynamics.0.road_dissipation,state.wheel_dynamics.0.elastic_numerical_dissipation,state.wheel_dynamics.0.frame_dissipation,state.wheel_dynamics.0.deformation_rate_x,state.wheel_dynamics.0.deformation_rate_y,state.wheel_dynamics.0.mechanical_axis.0,state.wheel_dynamics.0.mechanical_axis.1,state.wheel_dynamics.0.mechanical_axis.2,state.wheel_dynamics.0.rolling_radius,state.wheel_dynamics.0.gyro_angular_impulse.0,state.wheel_dynamics.0.gyro_angular_impulse.1,state.wheel_dynamics.0.gyro_angular_impulse.2,state.wheel_dynamics.0.steering_angular_impulse.0,state.wheel_dynamics.0.steering_angular_impulse.1,state.wheel_dynamics.0.steering_angular_impulse.2,state.wheel_dynamics.0.steering_work,state.wheel_dynamics.0.longitudinal_angular_impulse.0,state.wheel_dynamics.0.longitudinal_angular_impulse.1,state.wheel_dynamics.0.longitudinal_angular_impulse.2,state.wheel_dynamics.0.lateral_angular_impulse.0,state.wheel_dynamics.0.lateral_angular_impulse.1,state.wheel_dynamics.0.lateral_angular_impulse.2,state.wheel_dynamics.1.omega,state.wheel_dynamics.1.rotation,state.wheel_dynamics.1.relative_omega,state.wheel_dynamics.1.longitudinal_speed,state.wheel_dynamics.1.lateral_speed,state.wheel_dynamics.1.kappa,state.wheel_dynamics.1.alpha,state.wheel_dynamics.1.fx,state.wheel_dynamics.1.fy,state.wheel_dynamics.1.drive_torque,state.wheel_dynamics.1.brake_capacity,state.wheel_dynamics.1.brake_torque,state.wheel_dynamics.1.normal_load,state.wheel_dynamics.1.road_support,state.wheel_dynamics.1.steering,state.wheel_dynamics.1.force_contact_tick,state.wheel_dynamics.1.force_residual,state.wheel_dynamics.1.force_kappa,state.wheel_dynamics.1.force_alpha,state.wheel_dynamics.1.sample_support,state.wheel_dynamics.1.sample_tick,state.wheel_dynamics.1.force_mode,state.wheel_dynamics.1.longitudinal_impulse,state.wheel_dynamics.1.lateral_impulse,state.wheel_dynamics.1.brake_angular_impulse,state.wheel_dynamics.1.force_grip,state.wheel_dynamics.1.sample_grip,state.wheel_dynamics.1.force_longitudinal_stiffness,state.wheel_dynamics.1.force_lateral_stiffness,state.wheel_dynamics.1.deformation_x,state.wheel_dynamics.1.deformation_y,state.wheel_dynamics.1.force_patch_kappa,state.wheel_dynamics.1.force_patch_alpha,state.wheel_dynamics.1.elastic_energy,state.wheel_dynamics.1.material_dissipation,state.wheel_dynamics.1.road_dissipation,state.wheel_dynamics.1.elastic_numerical_dissipation,state.wheel_dynamics.1.frame_dissipation,state.wheel_dynamics.1.deformation_rate_x,state.wheel_dynamics.1.deformation_rate_y,state.wheel_dynamics.1.mechanical_axis.0,state.wheel_dynamics.1.mechanical_axis.1,state.wheel_dynamics.1.mechanical_axis.2,state.wheel_dynamics.1.rolling_radius,state.wheel_dynamics.1.gyro_angular_impulse.0,state.wheel_dynamics.1.gyro_angular_impulse.1,state.wheel_dynamics.1.gyro_angular_impulse.2,state.wheel_dynamics.1.steering_angular_impulse.0,state.wheel_dynamics.1.steering_angular_impulse.1,state.wheel_dynamics.1.steering_angular_impulse.2,state.wheel_dynamics.1.steering_work,state.wheel_dynamics.1.longitudinal_angular_impulse.0,state.wheel_dynamics.1.longitudinal_angular_impulse.1,state.wheel_dynamics.1.longitudinal_angular_impulse.2,state.wheel_dynamics.1.lateral_angular_impulse.0,state.wheel_dynamics.1.lateral_angular_impulse.1,state.wheel_dynamics.1.lateral_angular_impulse.2,state.wheel_dynamics.2.omega,state.wheel_dynamics.2.rotation,state.wheel_dynamics.2.relative_omega,state.wheel_dynamics.2.longitudinal_speed,state.wheel_dynamics.2.lateral_speed,state.wheel_dynamics.2.kappa,state.wheel_dynamics.2.alpha,state.wheel_dynamics.2.fx,state.wheel_dynamics.2.fy,state.wheel_dynamics.2.drive_torque,state.wheel_dynamics.2.brake_capacity,state.wheel_dynamics.2.brake_torque,state.wheel_dynamics.2.normal_load,state.wheel_dynamics.2.road_support,state.wheel_dynamics.2.steering,state.wheel_dynamics.2.force_contact_tick,state.wheel_dynamics.2.force_residual,state.wheel_dynamics.2.force_kappa,state.wheel_dynamics.2.force_alpha,state.wheel_dynamics.2.sample_support,state.wheel_dynamics.2.sample_tick,state.wheel_dynamics.2.force_mode,state.wheel_dynamics.2.longitudinal_impulse,state.wheel_dynamics.2.lateral_impulse,state.wheel_dynamics.2.brake_angular_impulse,state.wheel_dynamics.2.force_grip,state.wheel_dynamics.2.sample_grip,state.wheel_dynamics.2.force_longitudinal_stiffness,state.wheel_dynamics.2.force_lateral_stiffness,state.wheel_dynamics.2.deformation_x,state.wheel_dynamics.2.deformation_y,state.wheel_dynamics.2.force_patch_kappa,state.wheel_dynamics.2.force_patch_alpha,state.wheel_dynamics.2.elastic_energy,state.wheel_dynamics.2.material_dissipation,state.wheel_dynamics.2.road_dissipation,state.wheel_dynamics.2.elastic_numerical_dissipation,state.wheel_dynamics.2.frame_dissipation,state.wheel_dynamics.2.deformation_rate_x,state.wheel_dynamics.2.deformation_rate_y,state.wheel_dynamics.2.mechanical_axis.0,state.wheel_dynamics.2.mechanical_axis.1,state.wheel_dynamics.2.mechanical_axis.2,state.wheel_dynamics.2.rolling_radius,state.wheel_dynamics.2.gyro_angular_impulse.0,state.wheel_dynamics.2.gyro_angular_impulse.1,state.wheel_dynamics.2.gyro_angular_impulse.2,state.wheel_dynamics.2.steering_angular_impulse.0,state.wheel_dynamics.2.steering_angular_impulse.1,state.wheel_dynamics.2.steering_angular_impulse.2,state.wheel_dynamics.2.steering_work,state.wheel_dynamics.2.longitudinal_angular_impulse.0,state.wheel_dynamics.2.longitudinal_angular_impulse.1,state.wheel_dynamics.2.longitudinal_angular_impulse.2,state.wheel_dynamics.2.lateral_angular_impulse.0,state.wheel_dynamics.2.lateral_angular_impulse.1,state.wheel_dynamics.2.lateral_angular_impulse.2,state.wheel_dynamics.3.omega,state.wheel_dynamics.3.rotation,state.wheel_dynamics.3.relative_omega,state.wheel_dynamics.3.longitudinal_speed,state.wheel_dynamics.3.lateral_speed,state.wheel_dynamics.3.kappa,state.wheel_dynamics.3.alpha,state.wheel_dynamics.3.fx,state.wheel_dynamics.3.fy,state.wheel_dynamics.3.drive_torque,state.wheel_dynamics.3.brake_capacity,state.wheel_dynamics.3.brake_torque,state.wheel_dynamics.3.normal_load,state.wheel_dynamics.3.road_support,state.wheel_dynamics.3.steering,state.wheel_dynamics.3.force_contact_tick,state.wheel_dynamics.3.force_residual,state.wheel_dynamics.3.force_kappa,state.wheel_dynamics.3.force_alpha,state.wheel_dynamics.3.sample_support,state.wheel_dynamics.3.sample_tick,state.wheel_dynamics.3.force_mode,state.wheel_dynamics.3.longitudinal_impulse,state.wheel_dynamics.3.lateral_impulse,state.wheel_dynamics.3.brake_angular_impulse,state.wheel_dynamics.3.force_grip,state.wheel_dynamics.3.sample_grip,state.wheel_dynamics.3.force_longitudinal_stiffness,state.wheel_dynamics.3.force_lateral_stiffness,state.wheel_dynamics.3.deformation_x,state.wheel_dynamics.3.deformation_y,state.wheel_dynamics.3.force_patch_kappa,state.wheel_dynamics.3.force_patch_alpha,state.wheel_dynamics.3.elastic_energy,state.wheel_dynamics.3.material_dissipation,state.wheel_dynamics.3.road_dissipation,state.wheel_dynamics.3.elastic_numerical_dissipation,state.wheel_dynamics.3.frame_dissipation,state.wheel_dynamics.3.deformation_rate_x,state.wheel_dynamics.3.deformation_rate_y,state.wheel_dynamics.3.mechanical_axis.0,state.wheel_dynamics.3.mechanical_axis.1,state.wheel_dynamics.3.mechanical_axis.2,state.wheel_dynamics.3.rolling_radius,state.wheel_dynamics.3.gyro_angular_impulse.0,state.wheel_dynamics.3.gyro_angular_impulse.1,state.wheel_dynamics.3.gyro_angular_impulse.2,state.wheel_dynamics.3.steering_angular_impulse.0,state.wheel_dynamics.3.steering_angular_impulse.1,state.wheel_dynamics.3.steering_angular_impulse.2,state.wheel_dynamics.3.steering_work,state.wheel_dynamics.3.longitudinal_angular_impulse.0,state.wheel_dynamics.3.longitudinal_angular_impulse.1,state.wheel_dynamics.3.longitudinal_angular_impulse.2,state.wheel_dynamics.3.lateral_angular_impulse.0,state.wheel_dynamics.3.lateral_angular_impulse.1,state.wheel_dynamics.3.lateral_angular_impulse.2,state.brake_states.0.requested,state.brake_states.0.commanded,state.brake_states.0.pressure,state.brake_states.0.braking_slip,state.brake_states.0.abs_active,state.brake_states.0.phase,state.brake_states.0.feedback_tick,state.brake_states.0.predicted_slip,state.brake_states.1.requested,state.brake_states.1.commanded,state.brake_states.1.pressure,state.brake_states.1.braking_slip,state.brake_states.1.abs_active,state.brake_states.1.phase,state.brake_states.1.feedback_tick,state.brake_states.1.predicted_slip,state.brake_states.2.requested,state.brake_states.2.commanded,state.brake_states.2.pressure,state.brake_states.2.braking_slip,state.brake_states.2.abs_active,state.brake_states.2.phase,state.brake_states.2.feedback_tick,state.brake_states.2.predicted_slip,state.brake_states.3.requested,state.brake_states.3.commanded,state.brake_states.3.pressure,state.brake_states.3.braking_slip,state.brake_states.3.abs_active,state.brake_states.3.phase,state.brake_states.3.feedback_tick,state.brake_states.3.predicted_slip,state.abs_enabled,state.tcs_enabled,state.traction_state.requested_throttle,state.traction_state.torque_scale,state.traction_state.active,state.traction_state.wheel_slips.0,state.traction_state.wheel_slips.1,state.traction_state.wheel_slips.2,state.traction_state.wheel_slips.3,state.traction_state.brake_requests.0,state.traction_state.brake_requests.1,state.traction_state.brake_requests.2,state.traction_state.brake_requests.3,state.traction_state.feedback_ticks.0,state.traction_state.feedback_ticks.1,state.traction_state.feedback_ticks.2,state.traction_state.feedback_ticks.3,state.esc_enabled,state.stability_state.reference_yaw_rate,state.stability_state.unlimited_yaw_rate,state.stability_state.observed_yaw_rate,state.stability_state.sideslip,state.stability_state.yaw_error,state.stability_state.desired_brake_moment,state.stability_state.baseline_brake_moment,state.stability_state.allocated_brake_moment,state.stability_state.residual_moment,state.stability_state.brake_requests.0,state.stability_state.brake_requests.1,state.stability_state.brake_requests.2,state.stability_state.brake_requests.3,state.stability_state.torque_scale,state.stability_state.active,state.stability_state.feedback_tick,state.stability_state.reference_sideslip,state.stability_state.sideslip_error,state.powertrain_state.engine_omega,state.powertrain_state.engine_relative_omega,state.powertrain_state.gear,state.powertrain_state.ratio,state.powertrain_state.throttle,state.powertrain_state.engine_torque,state.powertrain_state.engine_drag_coefficient,state.powertrain_state.shift_phase,state.powertrain_state.clutch_position,state.powertrain_state.clutch_capacity,state.powertrain_state.clutch_torque,state.powertrain_state.clutch_slip,state.powertrain_state.drive_torque,state.powertrain_state.gear_loss_torque,state.powertrain_state.gear_input_speed,state.powertrain_state.engine_body_impulse.0,state.powertrain_state.engine_body_impulse.1,state.powertrain_state.engine_body_impulse.2,state.powertrain_state.engine_work,state.powertrain_state.engine_drag_heat,state.powertrain_state.clutch_heat,state.powertrain_state.gear_heat,horizontal_speed_mps,path_distance_m
0,0.0,0,0.0,1,1,,,,0.0,0.0,0.4186876118183136,0.0,27.77777862548828,0.0,0.0,-0.8399999737739563,1.100000023841858,0.33000001311302185,1.0,0.0,0.0,0.0,0.8399999737739563,1.100000023841858,0.33000001311302185,1.0,0.0,0.0,0.0,-0.8399999737739563,-1.100000023841858,0.33000001311302185,1.0,0.0,0.0,0.0,0.8399999737739563,-1.100000023841858,0.33000001311302185,1.0,0.0,0.0,0.0,asphalt,0.0,0.0,0.0,900.0,1,0.0,0.0,0.0,0.0,-0.0,5886.0,5886.0,0.0,0,False,-0.0,True,0,0,0.0,27.77777862548828,0.0,False,True,-0.8399999737739563,1.100000023841858,-1.4901161193847656e-08,0.0,0.0,1.0,2943.0009765625,2943.0009765625,0.33868756890296936,0.06131243705749512,1.0,asphalt,True,0.8399999737739563,1.100000023841858,-1.4901161193847656e-08,0.0,0.0,1.0,2943.0009765625,2943.0009765625,0.33868756890296936,0.06131243705749512,1.0,asphalt,True,-0.8399999737739563,-1.100000023841858,-1.4901161193847656e-08,0.0,0.0,1.0,2943.0009765625,2943.0009765625,0.33868756890296936,0.06131243705749512,1.0,asphalt,True,0.8399999737739563,-1.100000023841858,-1.4901161193847656e-08,0.0,0.0,1.0,2943.0009765625,2943.0009765625,0.33868756890296936,0.06131243705749512,1.0,asphalt,240,0.0,0.0,0.0,0.0,0.0,0.0,0.0,0.0,0.0,0.0,0.0,0.0,2943.0009765625,True,0.0,239,0.0,0.0,0.0,True,240,compliant-sticking,0.0,0.0,0.0,3237.3009667968595,3237.3009667968595,60000.01791857769,50000.014102584166,0.0,0.0,0.0,0.0,0.0,0.0,0.0,0.0,0.0,0.0,0.0,1.0,0.0,0.0,0.33,0.0,0.0,0.0,0.0,0.0,0.0,0.0,0.0,0.0,0.0,0.0,0.0,0.0,0.0,0.0,0.0,0.0,0.0,0.0,0.0,0.0,0.0,0.0,0.0,0.0,2943.0009765625,True,0.0,239,0.0,0.0,0.0,True,240,compliant-sticking,0.0,0.0,0.0,3237.3009667968595,3237.3009667968595,60000.01791857769,50000.014102584166,0.0,0.0,0.0,0.0,0.0,0.0,0.0,0.0,0.0,0.0,0.0,1.0,0.0,0.0,0.33,0.0,0.0,0.0,0.0,0.0,0.0,0.0,0.0,0.0,0.0,0.0,0.0,0.0,0.0,0.0,0.0,0.0,0.0,0.0,0.0,0.0,0.0,0.0,0.0,0.0,2943.0009765625,True,0.0,239,0.0,0.0,0.0,True,240,compliant-sticking,0.0,0.0,0.0,3237.3009667968595,3237.3009667968595,60000.01791857769,50000.014102584166,0.0,0.0,0.0,0.0,0.0,0.0,0.0,0.0,0.0,0.0,0.0,1.0,0.0,0.0,0.33,0.0,0.0,0.0,0.0,0.0,0.0,0.0,0.0,0.0,0.0,0.0,0.0,0.0,0.0,0.0,0.0,0.0,0.0,0.0,0.0,0.0,0.0,0.0,0.0,0.0,2943.0009765625,True,0.0,239,0.0,0.0,0.0,True,240,compliant-sticking,0.0,0.0,0.0,3237.3009667968595,3237.3009667968595,60000.01791857769,50000.014102584166,0.0,0.0,0.0,0.0,0.0,0.0,0.0,0.0,0.0,0.0,0.0,1.0,0.0,0.0,0.33,0.0,0.0,0.0,0.0,0.0,0.0,0.0,0.0,0.0,0.0,0.0,0.0,0.0,0.0,0.0,0.0,,False,normal,239,,0.0,0.0,0.0,,False,normal,239,,0.0,0.0,0.0,,False,normal,239,,0.0,0.0,0.0,,False,normal,239,,True,True,0.0,1.0,False,0.0,0.0,0.0,0.0,0.0,0.0,0.0,0.0,239,239,239,239,True,0.0,-0.0,0.0,0.0,0.0,0.0,0.0,0.0,0.0,0.0,0.0,0.0,0.0,1.0,False,239,0.0,0.0,94.24777960769379,94.24777960769379,1,12.025,0.0,23.999999999999996,0.25464790894703254,engaged,0.0,0.0,0.0,94.24777960769379,0.0,-0.0,0.0,0.0,0.0,0.0,18.84955592153875,18.84955592153875,0.0,0.0,27.77777862548828,0.0
6,0.05,0,0.0,1,1,,,,-3.2487634804567733e-09,1.3816460371017456,0.4160456359386444,1.8009122868534178e-05,27.454299926757812,-0.1266585886478424,3.9288812558879727e-07,-0.840000331401825,2.4814584255218506,0.3299992084503174,0.39193442463874817,0.9199931621551514,1.459222289668105e-07,5.8438864414256386e-08,0.8399996161460876,2.481458902359009,0.3299992084503174,0.39193475246429443,0.9199930429458618,1.459222147559558e-07,5.843891770496157e-08,-0.8399996161460876,0.2814529240131378,0.329999178647995,0.42991647124290466,0.9028686881065369,1.4336131926029339e-07,6.44665192339744e-08,0.840000331401825,0.281453400850296,0.329999178647995,0.4299168586730957,0.9028684496879578,1.4336127662772924e-07,6.446658318282061e-08,asphalt,0.0,0.0,1,899.9999977711327,1,-10.31116771697998,-1.7457678040955216e-05,318.5544144480097,179.39688389292388,-0.0,6215.129420381657,5556.870579618343,1.555995550006628e-05,1.035509870335736e-05,False,-0.0,True,0,0,-2.2595969539906946e-07,27.454299926757812,0.06497157365083694,False,True,-0.840000331401825,2.4807286262512207,1.1175870895385742e-08,0.0,0.0,1.0,3819.227294921875,3819.227294921875,0.3336149752140045,0.06638503074645996,0.0,asphalt,True,0.8399996161460876,2.480729341506958,-3.725290298461914e-09,0.0,0.0,1.0,3819.23388671875,3819.23388671875,0.33361491560935974,0.06638509035110474,0.0,asphalt,True,-0.8399996161460876,0.2807234227657318,-1.1175870895385742e-08,0.0,0.0,1.0,2768.262939453125,2768.262939453125,0.33847835659980774,0.06152164936065674,0.0,asphalt,True,0.840000331401825,0.2807239294052124,-1.1175870895385742e-08,0.0,0.0,1.0,2768.264892578125,2768.264892578125,0.33847835659980774,0.06152164936065674,0.0,asphalt,246,75.32596366355392,3.9448485740764805,75.25104572871895,27.44784049502364,-8.816983284452389e-06,-0.09437072058621389,-3.212268479209002e-07,-3642.038056623663,0.012625840905422209,0.0,1417.5659232505675,1417.5659232505675,3725.896484375,True,0.0,245,2.3840453308671093e-05,-0.09434178909625913,-4.528783740349443e-07,True,246,compliant-rolling,-29.90061240536564,9.477193911335523e-05,11.813049360421395,4002.943108002929,4093.074657926658,74190.4014086355,61100.45560825731,-0.022263337875089134,6.541629847161718e-08,-0.08331917183935722,-3.503753733802823e-07,37.17421600084933,0.9947917712924614,65.41618117690146,0.31087242852889413,0.0,-0.302537375360293,2.813396134679632e-06,0.9999999999999507,3.143033211472202e-07,-6.857174383867121e-09,0.33000000000000007,-2.970831389845239e-12,1.608254649213723e-05,-3.7046932013797455e-07,3.04221135847047e-14,7.253197094131637e-21,-1.1333120459580683e-22,-2.391777422278467e-15,-12.446628648885453,-2.298170603673664e-06,25.11651291342568,7.284201459511878e-12,-3.9450400429492146e-05,-0.00010418996135640434,75.32600348442926,3.9448492142748144,75.2510855495943,27.44786663579696,-8.816986197688778e-06,-0.09437110433045819,-3.21226648128257e-07,-3642.0490998119635,0.01261192512444866,0.0,1417.5659232505675,1417.5659232505675,3725.904541015625,True,0.0,245,2.3840453308671093e-05,-0.09434217310917739,-4.5287790103361643e-07,True,246,compliant-rolling,-29.900702274255295,9.461319584210012e-05,11.813049360421395,4002.950898139783,4093.0810159255666,74190.54579074752,61100.56791000398,-0.02226339587222574,6.530960102472815e-08,-0.08331948096604451,-3.502988936527062e-07,37.17440968257777,0.9948082012868265,65.41665598366647,0.3108775629021332,0.0,-0.3025397189781022,2.815484970739436e-06,0.9999999999999507,3.143033211472202e-07,-6.857174383867121e-09,0.33000000000000007,-2.9708328058390257e-12,1.6082554157546104e-05,-3.7046949931293044e-07,3.0422124521959556e-14,7.253199701776399e-21,-1.1333124534025623e-22,-2.3917782924809154e-15,-12.446664276089027,-2.2981771819523496e-06,-25.116589849106642,7.271999359798278e-12,-3.938431525564601e-05,-0.00010401543607940372,78.06293712054502,4.028182770613035,77.98801918571004,27.44784049502401,2.541506334655266e-05,-0.06146462580726507,9.259403613611376e-07,-2397.5305617846207,-0.02261253935435373,-0.0,945.0439488337117,945.0439488337117,2873.661865234375,True,0.0,245,2.3840453308671093e-05,-0.061434643089830085,7.94416729176443e-07,True,246,compliant-rolling,-19.565519228645698,-0.0001749102989778786,7.875366240280931,3168.57367448907,3063.7852152760515,58726.2287923097,48996.89923189208,-0.01460050351037657,-1.168099272708558e-07,-0.05387624654919221,6.089298999017514e-07,15.98810270776223,0.41489971925469593,27.945048259408587,0.12965616226709253,0.0,-0.2074550352281353,-5.091050263725362e-06,0.9999999999999507,3.143033211472202e-07,-6.857174383867121e-09,0.33000000000000007,-3.07591204681441e-12,1.6651397959632452e-05,-3.836212635837096e-07,3.14289036047995e-14,7.493234540176272e-21,-1.1708178969025425e-22,-2.4711422851147238e-15,-8.144473727162872,-1.5038120466327457e-06,16.43503611649285,-1.3443661351852396e-11,7.280932941201282e-05,-0.0001925110026731502,78.06297784432721,4.028183455523147,77.98805990949224,27.44786663579733,2.541506414310569e-05,-0.06146503003512343,9.259395085355109e-07,-2397.5401105158803,-0.02260573902786827,-0.0,945.0439488337117,945.0439488337117,2873.662841796875,True,0.0,245,2.3840453308671093e-05,-0.06143504742328341,7.944160132078893e-07,True,246,compliant-rolling,-19.565594986316135,-0.00017485441050413777,7.875366240280931,3168.5746435937485,3063.7871607414486,58726.24675366043,48996.913385002335,-0.01460055756844961,-1.1675170534987555e-07,-0.05387660561634102,6.088589353355197e-07,15.988221099243162,0.4149050312140336,27.945356092451025,0.12965782225438527,0.0,-0.20745647524843858,-5.092983225386936e-06,0.9999999999999507,3.143033211472202e-07,-6.857174383867121e-09,0.33000000000000007,-3.075913518589871e-12,1.6651405927021018e-05,-3.8362144937571915e-07,3.1428915648063576e-14,7.493237411514181e-21,-1.1708183455490908e-22,-2.4711432404896755e-15,-8.144505262556812,-1.5038178693914519e-06,-16.43509879781923,-1.3439365745939911e-11,7.278606490261165e-05,-0.000192449502859401,1,1,0.8646647167633873,0.08428241478314834,False,normal,245,0.1194116591351442,1,1,0.8646647167633873,0.08428272104527741,False,normal,245,0.11941230595158141,1,1,0.8646647167633873,0.05499005700792506,False,normal,245,0.07749815283254025,1,1,0.8646647167633873,0.054990340067804,False,normal,245,0.07749872252582068,True,True,0.0,1.0,False,-0.08428241478314834,-0.08428272104527741,-0.05499005700792506,-0.054990340067804,0.0,0.0,0.0,0.0,245,245,245,245,True,0.0,-0.0,1.0487122381164227e-05,1.8073056674258152e-07,-1.0487122381164227e-05,-0.0,-0.007357754303939146,-0.007357754303939146,0.007357754303939146,1,1,1,1,1.0,False,245,0.0,1.8073056674258152e-07,94.24777962420806,94.24777937428736,1,12.025,0.0,24.000000114177432,0.25464790894703254,engaged,0.0,0.0,-0.0,-843.4383268930958,-0.0,0.0,937.6861061421536,2.2292701034233946e-06,1.8566501204200137e-05,0.012353296707922417,18.849555952947597,18.849555805006936,0.0,0.0,27.454299926757812,1.3816460371017456
12,0.1,0,0.0,1,1,,,,-7.00779452245115e-08,2.737797975540161,0.41630759835243225,0.00013695209054276347,26.8794002532959,-0.5087672472000122,5.890447027923074e-06,-0.8400026559829712,3.8370728492736816,0.32998695969581604,0.8004229068756104,-0.5994357466697693,-6.749882572876231e-07,9.870581152426894e-07,0.8399972915649414,3.8370769023895264,0.3299870193004608,0.8004209399223328,-0.5994383692741394,-6.749914973624982e-07,9.87055841505935e-07,-0.839997410774231,1.6369861364364624,0.3299870193004608,0.7314651608467102,-0.6818788051605225,-7.770255479044863e-07,9.089134778150765e-07,0.8400025367736816,1.6369901895523071,0.32998695969581604,0.7314630150794983,-0.6818811297416687,-7.770283900754293e-07,9.08911204078322e-07,asphalt,0.0,0.0,1,899.9999837028886,1,-11.785324096679688,-9.323906851932406e-05,305.6712300518193,174.09876521088174,-0.0,6855.522450496394,4916.477549503606,6.358257815008983e-05,0.00010239659390190065,True,-0.0,True,0,0,-2.4917499104049057e-06,26.8794002532959,0.11354869604110718,False,True,-0.840002715587616,3.8341426849365234,-7.450580596923828e-09,0.0,0.0,1.0,4318.82470703125,4318.82470703125,0.3265562355518341,0.07344377040863037,0.0,asphalt,True,0.8399972319602966,3.834146499633789,2.2351741790771484e-08,0.0,0.0,1.0,4318.86669921875,4318.86669921875,0.326555997133255,0.07344400882720947,0.0,asphalt,True,-0.8399974703788757,1.634055733680725,1.862645149230957e-08,0.0,0.0,1.0,2029.6002197265625,2029.6002197265625,0.34609195590019226,0.05390805006027222,0.0,asphalt,True,0.8400024771690369,1.6340597867965698,-1.4901161193847656e-08,0.0,0.0,1.0,2029.6190185546875,2029.6190185546875,0.3460918962955475,0.05390810966491699,0.0,asphalt,252,70.45884609583229,7.559897433736267,70.32030706468359,26.867389869912483,-9.058132578900895e-06,-0.13458585578263782,-3.371422614090372e-07,-4450.842593061799,0.021742215497854003,0.0,1590.7672195155542,1590.7672195155542,4248.4384765625,True,0.0,251,4.820328070041507e-05,-0.13452677668559357,-8.80614211106179e-07,True,252,compliant-rolling,-37.05455793346442,0.00016569094932215807,13.256393495962952,4504.82693923309,4571.942195711296,83492.29801191899,68311.40455288085,-0.029258489199966094,1.2861264446659622e-07,-0.13221641268532952,-7.894075060531728e-07,64.20443927108053,0.05152733151004751,130.268899301513,0.01610229109688979,0.0,-0.06206921306688421,2.45031882786457e-06,0.9999999999971403,2.3893519482885377e-06,-1.0280364648422324e-07,0.32999999999999835,-1.2047453688821623e-10,6.465405986430566e-05,-3.236049199367576e-06,2.8331617441583468e-14,5.4038271792571006e-20,-3.377391987035688e-21,-4.338378034554473e-15,-15.41825782415409,-2.867226449626234e-05,31.125829409795827,1.2820918636061422e-10,-6.894336130969553e-05,-0.0001817450787084785,70.45906834414063,7.559903994940904,70.32052931299194,26.86749669855099,-9.058119821765716e-06,-0.13458656701648403,-3.3714044607117765e-07,-4450.875398194121,0.02155256619690893,0.0,1590.76631284164,1590.76631284164,4248.4716796875,True,0.0,251,4.820328070041507e-05,-0.13452748787620777,-8.806106512171369e-07,True,252,compliant-rolling,-37.054831309568655,0.0001626722776962502,13.256385940347,4504.858625427183,4571.982203629248,83492.88528268342,68311.85834976863,-0.029258676903200824,1.2642763159222046e-07,-0.13221695999174854,-7.842638202946255e-07,64.2052630606411,0.05153554660096131,130.27088429443148,0.01610485831280048,0.0,-0.06207386271399726,2.5884214580758605e-06,0.9999999999971403,2.3893519482885377e-06,-1.0280364648422324e-07,0.32999999999999835,-1.2047489395558794e-10,6.465425148693838e-05,-3.2360588333136765e-06,2.8331689987920712e-14,5.4038410163728165e-20,-3.3774006352330103e-21,-4.3383891828114845e-15,-15.418371574890655,-2.867247603061613e-05,-31.126055610849136,1.2587338326074165e-10,-6.768730375536501e-05,-0.00017843391789217018,71.95520016186373,7.774962062243698,71.81666113071503,26.867389874040533,0.00013083663967465,-0.11620681559552197,4.869719026932016e-06,-2387.9442296693264,-0.07199128030932742,-0.0,1071.6691326228663,1071.6691326228663,2156.1923828125,True,0.0,251,4.820328070041507e-05,-0.116146481526358,4.32625244266757e-06,True,252,compliant-rolling,-19.839889806327,-0.0005947094371723723,8.930576105190552,2446.7549076693813,2317.0807143018874,45348.06612305404,38382.44735366706,-0.01613203413659896,-4.534382033466506e-07,-0.11733241979662146,4.1782730064262736e-06,19.518189419250028,0.022428553962483708,61.233124593037154,0.0070089231132761855,0.0,0.03186089082051778,-3.97554980732982e-06,0.9999999999971403,2.3893519482885377e-06,-1.0280364648422324e-07,0.32999999999999835,-1.2333430327749825e-10,6.61888093087198e-05,-3.3123029751198636e-06,2.915490047035308e-14,5.560855955191246e-20,-3.475534971994529e-21,-4.4639240487401176e-15,-8.255301782184356,-1.5351812046134466e-05,16.66550859422727,-4.6017732914127026e-10,0.00024745630769608835,-0.000656066120879381,71.95538955168824,7.774968208406506,71.81685052053955,26.867496690292686,0.0001308366370400963,-0.11620800308365728,4.869699568487666e-06,-2387.968670739624,-0.07198648349165386,-0.0,1071.6690167691265,1071.6690167691265,2156.214111328125,True,0.0,251,4.820328070041507e-05,-0.11614766972343746,4.326235023779702e-06,True,252,compliant-rolling,-19.840094079677648,-0.0005957066026265435,8.930575139742722,2446.777098589491,2317.1000297036862,45348.47740875713,38382.776124900956,-0.016132180736300187,-4.538661459686397e-07,-0.11733351204197943,4.180824071338032e-06,19.518544163598698,0.022425630628402346,61.23454753313463,0.007008009571375782,0.0,0.03185843970540401,-3.906561596357904e-06,0.9999999999971403,2.3893519482885377e-06,-1.0280364648422324e-07,0.32999999999999835,-1.2333461099350013e-10,6.618897444687886e-05,-3.31231127069912e-06,2.915496478984938e-14,5.56086822316158e-20,-3.475542639475987e-21,-4.463933925676975e-15,-8.25538559697753,-1.535196791069101e-05,-16.665676829411495,-4.6094885492892007e-10,0.0002478711888964734,-0.0006571661084731188,1,0.9776734400986619,0.9703113377223653,0.13076366472582293,True,release,251,0.14617097084522604,1,0.9776724079917783,0.970310784683575,0.13076453350193618,True,release,251,0.1461718620028988,1,0.9958924312545818,0.9805199939822741,0.10323961143137624,True,release,251,0.13643027498167248,1,0.9958920573156415,0.9805198879822927,0.10324077531878051,True,release,251,0.13643177073743412,True,True,0.0,1.0,False,-0.13076366472582293,-0.13076453350193618,-0.10323961143137624,-0.10324077531878051,0.0,0.0,0.0,0.0,251,251,251,251,True,0.0,-0.0,5.399601286626421e-05,1.787157706415714e-06,-5.399601286626421e-05,-0.0,-0.04442679043086173,-0.04442679043086173,0.04442679043086173,1,1,1,1,1.0,False,251,0.0,1.787157706415714e-06,94.2477799268805,94.24777790106427,1,12.025,0.0,24.000001545884093,0.25464790894703254,engaged,0.0,0.0,-0.0,-769.0882370948315,-0.0,0.0,863.3360141148763,9.595618995065944e-06,0.00018147213074444352,0.024054943887595888,18.84955667578099,18.84955500175424,0.0,0.0,26.879400253296016,2.737797975540163
18,0.15,0,0.0,1,1,,,,-3.003768256348849e-07,4.06488561630249,0.4184471368789673,0.0004230017657391727,26.305511474609375,-1.00359046459198,2.1800160538987257e-05,-0.8400083780288696,5.1634979248046875,0.3299493193626404,0.7240999341011047,0.6896950006484985,2.681365685930359e-06,2.5393308078491827e-06,0.839991569519043,5.163510322570801,0.32994937896728516,0.7241107821464539,0.6896836757659912,2.681326122910832e-06,2.539373099352815e-06,-0.8399922251701355,2.963160514831543,0.32994940876960754,0.745187520980835,0.6668549180030823,2.601141659397399e-06,2.6214470381091814e-06,0.8400077223777771,2.9631729125976562,0.32994940876960754,0.7451953887939453,0.6668460965156555,2.6011105092038633e-06,2.621478188302717e-06,asphalt,0.0,0.0,1,899.9999836449979,1,-11.15720272064209,-0.0001681031280895695,292.689566102908,163.88475600205996,-0.0,7331.767011444826,4440.232988555174,0.00012616820458788425,0.000350381233339574,True,-0.0,True,0,0,-6.2475296545017045e-06,26.305511474609375,0.13362102210521698,False,True,-0.8400084972381592,5.157718181610107,-2.9802322387695312e-08,0.0,0.0,1.0,4606.720703125,4606.720703125,0.3192421495914459,0.08075785636901855,0.0,asphalt,True,0.8399914503097534,5.157730579376221,-1.4901161193847656e-08,0.0,0.0,1.0,4606.81494140625,4606.81494140625,0.3192414939403534,0.08075851202011108,0.0,asphalt,True,-0.8399922847747803,2.957380533218384,0.0,0.0,0.0,1.0,1357.99609375,1357.99609375,0.35778114199638367,0.04221886396408081,0.0,asphalt,True,0.8400076627731323,2.957393169403076,-3.725290298461914e-09,0.0,0.0,1.0,1358.0606689453125,1358.0606689453125,0.35778048634529114,0.04221951961517334,0.0,asphalt,258,69.17406807587237,11.026719843779235,69.0318033669804,26.292822561266902,4.7804793125319576e-05,-0.13179947067895528,1.8181689323720691e-06,-4753.613855886789,-0.018306905585270292,0.0,1572.7231260276537,1572.7231260276537,4574.77001953125,True,0.0,257,1.933115128079746e-05,-0.13171231575344342,7.319140295530184e-07,True,258,compliant-rolling,-39.624613840574014,-0.00016390154008660217,13.106026050230447,4815.086031035653,4845.34165760631,89242.62869123626,72746.50915649708,-0.031559135702610874,-1.0220682716181008e-07,-0.13096133200438273,6.187203912497474e-07,74.69842847296911,0.0066594084219395895,137.01363410767343,0.002081065131856158,0.0,-0.019743500495157114,-2.9758815109987804e-06,0.9999999999727242,7.3761084269603374e-06,-3.804261950064775e-07,0.32999999999997615,-8.118714270659646e-10,0.00012801436420936592,-6.6796993233831816e-06,0.0,0.0,0.0,0.0,-16.564038533767523,-0.000104771331861546,33.28468159351934,-4.33371608821794e-10,6.851477308173542e-05,0.00017921355042695565,69.1748213207273,11.026750727617506,69.03255661183533,26.293034570010793,4.7804792527745584e-05,-0.13179701737907884,1.8181542491948766e-06,-4753.681364474083,-0.01841098967630035,0.0,1572.7224551057673,1572.7224551057673,4574.8505859375,True,0.0,257,1.933115128079746e-05,-0.1317098609911716,7.319087654628402e-07,True,258,compliant-rolling,-39.625180865015324,-0.00016569520503046027,13.106020459214728,4815.16234972504,4845.430865224709,89244.04317903884,72747.59812479213,-0.031559568301883965,-1.0362881875307731e-07,-0.1309587836898911,6.228702049990836e-07,74.70047635590137,0.006661381751320656,137.01415082604456,0.002081681797287737,0.0,-0.019746119191488387,-2.8666668633387558e-06,0.9999999999727242,7.3761084269603374e-06,-3.804261950064775e-07,0.32999999999997615,-8.118799623297676e-10,0.00012801571002435635,-6.679769732179597e-06,0.0,0.0,0.0,0.0,-16.564277925422488,-0.00010477284606851168,-33.285143881964466,-4.3811429580815334e-10,6.926457790524827e-05,0.00018117476061546757,61.18322802511517,11.088893533022484,61.040963316223205,26.29282256550452,0.0003254723566677721,-0.23209213472668783,1.2378753016732357e-05,-1709.6521895900257,-0.0716850723241344,-0.0,1002.4192516664243,1002.4192516664243,1454.069091796875,True,0.0,257,1.933115128079746e-05,-0.23201504732660022,1.1291134346429688e-05,True,258,compliant-rolling,-14.25539270041051,-0.0006050226904440929,8.353493763886869,1716.3199478811796,1613.9139668534701,31810.211247913623,27459.68608387961,-0.011869813215131397,-4.971151148510417e-07,-0.23470882057355705,1.1400764426225874e-05,10.566934950692357,0.07418879189945526,86.21747709987865,0.023183997468579767,0.0,0.07081979267968395,2.8821949035218603e-06,0.9999999999727242,7.3761084269603374e-06,-3.804261950064775e-07,0.32999999999997615,-7.238574436913466e-10,0.0001141366620727742,-5.952070994483924e-06,0.0,0.0,0.0,0.0,-5.959096752896232,-3.769264978585778e-05,11.974531584928203,-1.5997390505243626e-09,0.0002529140252972556,-0.0006696770580659276,61.183825839778855,11.088918261866862,61.04156113088689,26.29303457000859,0.0003254723258358902,-0.23209082339410747,1.237865203244814e-05,-1709.7182835645046,-0.07169762798636375,-0.0,1002.4184748161088,1002.4184748161088,1454.1312255859375,True,0.0,257,1.933115128079746e-05,-0.23201373536220316,1.1291041683900998e-05,True,258,compliant-rolling,-14.255943405334708,-0.0006053992277785002,8.35348729013424,1716.385953761457,1613.9830367912186,31811.434598488682,27460.683452953683,-0.011870208984798156,-4.974346277347423e-07,-0.2347072309597379,1.1402016286363302e-05,10.567639619266807,0.07417453487914752,86.22094865818359,0.023179542149733664,0.0,0.07081306415521878,2.917566173847598e-06,0.9999999999727242,7.3761084269603374e-06,-3.804261950064775e-07,0.32999999999997615,-7.238641596385996e-10,0.00011413772102149386,-5.952126431821917e-06,0.0,0.0,0.0,0.0,-5.959326535929582,-3.769410321609426e-05,-11.974989996587317,-1.6007345378691038e-09,0.0002530714089101695,-0.0006700936268394704,1,0.9552114471057589,0.9593050834599949,0.13464343406424126,True,hold,257,0.12814924890225649,1,0.9552112445487462,0.9593046742215438,0.13464172373662936,True,hold,257,0.12814556948588554,1,0.8563086046525314,0.9171600531276758,0.2094357180378022,True,release,257,0.27487577225417426,1,0.8563082790647336,0.9171593423511463,0.20943537006953272,True,release,257,0.2748733832072382,True,True,0.0,1.0,False,-0.13464343406424126,-0.13464172373662936,-0.2094357180378022,-0.20943537006953272,0.0,0.0,0.0,0.0,257,257,257,257,True,0.0,-0.0,0.00011565411841729656,6.115306158974093e-06,-0.00011565411841729656,-0.0,-0.11953718686845605,-0.11953718686845605,0.11953718686845605,1,1,1,1,1.0,False,257,0.0,6.115306158974093e-06,94.24778063464876,94.24777789500197,1,12.025,0.0,24.000001987980404,0.25464790894703254,engaged,0.0,0.0,-0.0,-639.4047979121806,-0.0,0.0,733.6525735306678,1.939778500090441e-05,0.00041935202310352995,0.026086501490850664,18.849556791361593,18.849554538472244,0.0,0.0,26.305511474610118,4.064885616302512
24,0.2,0,0.0,1,1,,,,-8.093397809716407e-07,5.36445426940918,0.4209391176700592,0.0008845277479849756,25.772714614868164,-1.4392162561416626,4.8942416469799355e-05,-0.8400177955627441,6.46250057220459,0.32989588379859924,0.5637388229370117,-0.8259531259536743,-6.125940672063734e-06,4.69808674097294e-06,0.8399821519851685,6.462526798248291,0.32989588379859924,0.5637018084526062,-0.8259782791137695,-6.126151220087195e-06,4.6978120735730045e-06,-0.8399838805198669,4.261806964874268,0.3298959732055664,0.7998603582382202,-0.6001861095428467,-4.284860551706515e-06,6.421771558962064e-06,0.8400160670280457,4.2618327140808105,0.32989591360092163,0.7998377680778503,-0.6002162098884583,-4.285102022549836e-06,6.421610123652499e-06,asphalt,0.0,0.0,1,899.9999852215072,1,-10.309964179992676,-0.00040057027945294976,280.8433006778697,154.6375220995795,-0.0,7621.456880321918,4150.543119678082,0.00018398871179670095,0.0007686225960325848,True,-0.0,True,0,0,-1.4190614820108749e-05,25.772714614868164,0.12374848127365112,False,True,-0.8400180339813232,6.454212665557861,0.0,0.0,0.0,1.0,4670.30712890625,4670.30712890625,0.3134358823299408,0.08656412363052368,0.0,asphalt,True,0.8399819731712341,6.4542388916015625,0.0,0.0,0.0,1.0,4670.48095703125,4670.48095703125,0.3134344518184662,0.08656555414199829,0.0,asphalt,True,-0.8399840593338013,4.253518581390381,-3.725290298461914e-09,0.0,0.0,1.0,975.7936401367188,975.7936401367188,0.36870941519737244,0.03129059076309204,0.0,asphalt,True,0.8400158882141113,4.253544330596924,0.0,0.0,0.0,1.0,975.9171752929688,975.9171752929688,0.3687079846858978,0.03129202127456665,0.0,asphalt,264,69.41336852619939,14.485033290551094,69.31725672935536,25.7638196792095,0.0001792496834218861,-0.11090778080075915,6.957418800894732e-06,-4756.555210410025,-0.1654926331110818,0.0,1568.835556463879,1568.835556463879,4674.41162109375,True,0.0,263,8.930071009594235e-05,-0.11080034179400174,5.360796660241894e-06,True,264,compliant-rolling,-39.67544979655466,-0.0013699242647824963,13.07362963719899,4909.372313591642,4905.492418063036,90990.12720955689,74091.12541712813,-0.031783417277844894,-9.988113017414256e-07,-0.11122569430409934,4.752469489031184e-06,75.7639211141425,0.0008235401183424181,114.5255447535367,0.0002573562869820309,0.0,0.01095738126670935,-1.567093784986799e-05,0.9999999998808018,1.541646815710876e-05,-8.539367398844508e-07,0.3299999999998797,-2.633966246530896e-09,0.0001891081215657529,-1.1066073980400848e-05,2.7740633046551846e-14,4.2328846811755137e-19,-2.645552925734696e-20,-3.461037923787454e-15,-16.68596046607872,-0.00023166981093450867,33.32738636919325,-7.999155574647486e-09,0.0005761371891407686,0.0014935053787622967,69.41489706859015,14.485122534304413,69.31878527174612,25.76412890082035,0.00017924962334876275,-0.11089887335965672,6.957332966152143e-06,-4756.6385701080735,-0.16548420315544868,0.0,1568.8365054137666,1568.8365054137666,4674.5634765625,True,0.0,263,8.930071009594235e-05,-0.1107914302844282,5.360735446299021e-06,True,264,compliant-rolling,-39.67616645805116,-0.001370217884900354,13.073637545114721,4909.515853034697,4905.656741274539,90992.78756435357,74093.17133192287,-0.031783990087697625,-9.99084400973802e-07,-0.1112168771349219,4.754333000156638e-06,75.7666520169773,0.0008236921148496,114.52014450957749,0.0002574037858905101,0.0,0.010959943046570586,-1.562154300937839e-05,0.9999999998808018,1.541646815710876e-05,-8.539367398844508e-07,0.3299999999998797,-2.634023097926877e-09,0.00018911220324039474,-1.1066313300328977e-05,2.7741206309833316e-14,4.232972154210406e-19,-2.6456075963815037e-20,-3.461109526509931e-15,-16.686263048642346,-0.00023167401202592623,-33.32796684472362,-8.000870625446413e-09,0.0005762607152476567,0.001493824887440715,50.3024127336919,13.828719592112503,50.20630093684788,25.763819679218283,0.0005843104969901981,-0.35569351094697843,2.267949800010963e-05,-1214.5016762100277,-0.06322145339553219,-0.0,712.8355854572721,712.8355854572721,1014.185302734375,True,0.0,263,8.930071009594235e-05,-0.3556156520532906,2.107824517804457e-05,True,264,compliant-rolling,-10.126098115113614,-0.0005310108319176284,5.940296545477268,1241.0157484091897,1198.6541580443495,23000.940569162998,20216.128864225648,-0.00835365036165272,-4.3410099186209224e-07,-0.3571119571996339,2.1151756180811488e-05,5.2337605914888226,0.021887096867681987,92.28608868421787,0.00683971777115063,0.0,0.03854587803788043,1.8936953837816503e-06,0.9999999998808018,1.541646815710876e-05,-8.539367398844508e-07,0.3299999999998797,-1.9223363434436964e-09,0.00013801627493723138,-8.070765104333463e-06,2.0537746889452083e-14,3.1338114760516484e-19,-1.9586321725322802e-20,-2.561484428950436e-15,-4.258645728381859,-5.9127531360089214e-05,8.505925567392575,-3.1006375071455015e-09,0.00022332264465177296,-0.0005896475845951665,50.3037986688413,13.828794347573012,50.20768687199728,25.76412890081816,0.0005843105246837827,-0.3556834921678868,2.267922687520198e-05,-1214.6219927259986,-0.06322924240686073,-0.0,712.8429938042734,712.8429938042734,1014.2952880859375,True,0.0,263,8.930071009594235e-05,-0.3556056299933292,2.1077991980641762e-05,True,264,compliant-rolling,-10.127100824835395,-0.0005311154289274504,5.940358281702278,1241.1368737416474,1198.7907314824254,23003.18550165225,20217.992370783915,-0.008354408865972739,-4.3418356253681956e-07,-0.35710166328012516,2.115168053337607e-05,5.234711076626946,0.021879551230655922,92.29372504639082,0.0068373597595799435,0.0,0.03853933716991224,1.8982919736622028e-06,0.9999999998808018,1.541646815710876e-05,-8.539367398844508e-07,0.3299999999998797,-1.9223875346546607e-09,0.00013801995022794805,-8.070980745827833e-06,2.0538255997924985e-14,3.133889159839628e-19,-1.9586807248997674e-20,-2.5615480388102348e-15,-4.259067429359367,-5.913338630538461e-05,-8.506761012310445,-3.101248261940499e-09,0.00022336663411385562,-0.0005897637106176941,1,0.9593330450498593,0.956933804508783,0.11397291995258903,True,apply,263,0.10351360822359826,1,0.9593356976721378,0.956934383334411,0.11396512517804595,True,apply,263,0.1035021875064337,1,0.5075999945675219,0.6522064718354489,0.339384590351813,True,release,263,0.39570912752948784,1,0.5076123867661768,0.6522132500771057,0.3393763349876256,True,release,263,0.39569588477531176,True,True,0.0,1.0,False,-0.11397291995258903,-0.11396512517804595,-0.339384590351813,-0.3393763349876256,0.0,0.0,0.0,0.0,263,263,263,263,True,0.0,-0.0,0.00017539940017741174,1.3414995005994909e-05,-0.00017539940017741174,-0.0,-0.22239888856506695,-0.22239888856506695,0.22239888856506695,1,1,1,1,1.0,False,263,0.0,1.3414995005994909e-05,94.24778127658487,94.24777806009365,1,12.025,0.0,24.00000153011807,0.25464790894703254,engaged,0.0,0.0,-0.0,-509.07311649722,-0.0,0.0,603.3208904106743,2.85701396068958e-05,0.0004708357957631214,0.01959219643991359,18.849556198566866,18.849554072091294,0.0,0.0,25.772714614872072,5.3644542694093085
30,0.25,0,0.0,1,1,,,,-2.0817942640860565e-06,6.638364791870117,0.4224937856197357,0.0014848686987534165,25.269914627075195,-1.6951502561569214,9.614042210159823e-05,-0.8400306105613708,7.736083507537842,0.3298555910587311,0.9029161930084229,0.4298165738582611,6.316062354017049e-06,1.1317059033899568e-05,0.8399693369865417,7.73612642288208,0.3298555910587311,0.9029564261436462,0.42973214387893677,6.315003702184185e-06,1.1317649295961019e-05,-0.8399736881256104,5.535120010375977,0.3298555910587311,0.2690141201019287,0.9631361961364746,1.2681940461334307e-05,2.6714862997323507e-06,0.8400262594223022,5.535163402557373,0.3298555910587311,0.26909682154655457,0.9631130695343018,1.2681710359174758e-05,2.672575419637724e-06,asphalt,0.0,0.0,1,899.9999644674147,1,-9.943277359008789,-0.0008509078761562705,269.96465889060556,149.9042218824329,-0.0,7785.679303389722,3986.320696610278,0.00022380090376827866,0.001305325241777199,True,-0.0,True,0,0,-3.603543882491067e-05,25.269914627075195,0.09555158019065857,False,True,-0.8400309085845947,7.726321697235107,7.450580596923828e-09,0.0,0.0,1.0,4544.19873046875,4544.19873046875,0.31012609601020813,0.08987390995025635,0.0,asphalt,True,0.8399690389633179,7.726364612579346,-1.4901161193847656e-08,0.0,0.0,1.0,4544.513671875,4544.513671875,0.3101232945919037,0.08987671136856079,0.0,asphalt,True,-0.8399739861488342,5.525358200073242,3.5390257835388184e-08,0.0,0.0,1.0,960.4059448242188,960.4059448242188,0.3752342164516449,0.02476578950881958,0.0,asphalt,True,0.8400259613990784,5.5254011154174805,1.4901161193847656e-08,0.0,0.0,1.0,960.6349487304688,960.6349487304688,0.37523141503334045,0.024768590927124023,0.0,asphalt,270,68.36756691141494,17.93139193722557,68.34391061761977,25.26753843453339,0.00036841654439982637,-0.10710348223313836,1.4580626653770124e-05,-4640.7805493362275,-0.4126363060696717,0.0,1598.1917546089578,1598.1917546089578,4575.5703125,True,0.0,269,1.252108134512671e-05,-0.10699383514767766,1.2601014092611447e-05,True,270,compliant-rolling,-38.66746275643351,-0.0034242304800782483,13.318264621741315,4815.844124053916,4786.116831935695,89256.67915955732,72757.32611393555,-0.031010720816849125,-2.6021002130114386e-06,-0.10742240490479205,1.1717508356198799e-05,72.1248609263614,0.0019870966986073927,104.93567618399429,0.0006209677183148046,0.0,0.01082757319114115,-2.232127411795591e-05,0.999999999664063,2.5866210931429928e-05,-1.6772324755034732e-06,0.3299999999995359,-5.509408726499126e-09,0.00022836101737718482,-1.8765245507352265e-05,0.0,0.0,0.0,0.0,-16.330609005351906,-0.00039196688984384964,32.480694927401416,-3.47109656467302e-08,0.0014461711508356562,0.003726143886996126,68.36977779062718,17.931576499056458,68.34612149683201,25.267914683536162,0.0003684166649227229,-0.10708790363393156,1.4580414312411203e-05,-4640.926899458897,-0.4126538004241553,0.0,1598.2159957191518,1598.2159957191518,4575.853515625,True,0.0,269,1.252108134512671e-05,-0.10697824689890907,1.2600828902630262e-05,True,270,compliant-rolling,-38.668689122200135,-0.0034238839919681976,13.318466630992932,4816.112390523983,4786.41536796118,89261.65120051862,72761.15388933978,-0.03101164362668503,-2.6019215833587943e-06,-0.10740649645642582,1.1715583330651802e-05,72.12915353988826,0.0019840890165071516,104.92516815326434,0.0006200278176584917,0.0,0.010819644543857206,-2.2365562920336175e-05,0.999999999664063,2.5866210931429928e-05,-1.6772324755034732e-06,0.3299999999995359,-5.50958446385163e-09,0.00022836830150747763,-1.8765844969737673e-05,0.0,0.0,0.0,0.0,-16.331129246931283,-0.0003919793766698933,-32.48167294486241,-3.470745824148483e-08,0.0014460250209834425,0.0037257659281086106,47.75161572719704,16.22311508215587,47.72795943340187,25.267538435236577,0.0008613402939074385,-0.3763526577651243,3.408880907736649e-05,-1129.910786439905,-0.08478964450734555,-0.0,282.0602955478912,282.0602955478912,938.7847900390625,True,0.0,269,1.252108134512671e-05,-0.37627607423612125,3.209771184350337e-05,True,270,compliant-rolling,-9.413519564985815,-0.0007029753125865667,2.3505024628990934,1157.6603303919985,1181.6287986099599,21456.03429509774,18931.2556157032,-0.007500032788703274,-5.463029845170581e-07,-0.37608189344622256,3.1985134747801526e-05,4.2187869097553365,0.00032814971931515303,89.95723332483621,0.00010254678728598612,0.0,-0.0049058681344139096,-2.8441968297868373e-06,0.999999999664063,2.5866210931429928e-05,-1.6772324755034732e-06,0.3299999999995359,-3.835348044114653e-09,0.00015897211509997795,-1.3068024264837841e-05,0.0,0.0,0.0,0.0,-3.9756556874782207,-9.542359347407999e-05,7.907362414924719,-7.125967071878701e-09,0.0002968908472912676,-0.0007822447728167276,47.75407782506832,16.223287182725905,47.73042153127315,25.267914684944362,0.0008613404148199405,-0.37632978903319886,3.4088306266109576e-05,-1130.1416229616457,-0.0848095734855236,-0.0,282.09386379284354,282.09386379284354,938.9945068359375,True,0.0,269,1.252108134512671e-05,-0.3762531973588105,3.209723655277845e-05,True,270,compliant-rolling,-9.415441958520251,-0.0007031515740155286,2.3507821982736963,1157.8930784048082,1181.8823736191582,21460.34803826908,18934.850279193033,-0.007501484422596772,-5.464106662616191e-07,-0.376058501289866,3.1984511647192507e-05,4.220420163076998,0.00032998008565095346,89.97146648668382,0.00010311877676592358,0.0,-0.004918959572129796,-2.8479735462807466e-06,0.999999999664063,2.5866210931429928e-05,-1.6772324755034732e-06,0.3299999999995359,-3.835542285675376e-09,0.0001589801661760512,-1.306868739480105e-05,0.0,0.0,0.0,0.0,-3.976467580918924,-9.544308052117866e-05,-7.908964774235038,-7.127753810497166e-09,0.0002969652886038605,-0.0007824410991229384,1,0.9814626932807861,0.9748400396531488,0.10595230794563947,True,hold,269,0.10751474054991687,1,0.9814832602138184,0.9748548258668521,0.10593796852736542,True,hold,269,0.1074970098743267,1,0.08954080547216749,0.25807009913253115,0.3838345850027385,True,release,269,0.37552510015896984,1,0.08958510581214743,0.2581008122830145,0.3838140413335477,True,release,269,0.37549783375947376,True,True,0.0,1.0,False,-0.10595230794563947,-0.10593796852736542,-0.3838345850027385,-0.3838140413335477,0.0,0.0,0.0,0.0,269,269,269,269,True,0.0,-0.0,0.00021919902064837515,2.2782223278403158e-05,-0.00021919902064837515,-0.0,-0.42082288668541423,-0.42082288668541423,0.42082288668541423,1,1,1,1,1.0,False,269,0.0,2.2782223278403158e-05,94.24778233012768,94.24777588673015,1,12.025,0.0,24.00000347257136,0.25464790894703254,engaged,0.0,0.0,-0.0,-479.29115550664727,-0.0,0.0,573.5389239925439,3.501458042185194e-05,0.0002379739588277322,0.008174751524433482,18.849556820506294,18.8495522647722,0.0,0.0,25.26991462710089,6.638364791870926
36,0.3,0,0.0,1,1,,,,-5.019826858188026e-06,7.887208938598633,0.42252975702285767,0.002155397552996874,24.765029907226562,-1.732343316078186,0.0001709444186417386,-0.8400464653968811,8.984877586364746,0.32984915375709534,-0.3326702415943146,0.9430432319641113,1.719949796097353e-05,-7.648483915545512e-06,0.8399534821510315,8.984940528869629,0.32984915375709534,-0.3325173258781433,0.9430971145629883,1.7200740330736153e-05,-7.645695404789876e-06,-0.8399638533592224,6.783871173858643,0.3298492133617401,0.9999911785125732,0.004198134411126375,1.5698515198891982e-06,1.8757868019747548e-05,0.8400360941886902,6.783934116363525,0.32984915375709534,0.9999919533729553,0.004023614805191755,1.566578021083842e-06,1.8758144506136887e-05,asphalt,0.0,0.0,1,899.9999475392705,1,-10.281675338745117,-0.0014224216574802995,259.3772551242972,151.38038254173037,-0.0,7899.7503590351325,3872.2496409648675,0.00023526813311036676,0.001878346234135196,True,-0.0,True,0,0,-7.808873488102108e-05,24.765029907226562,0.06668920814990997,False,True,-0.8400470614433289,8.97490119934082,7.450580596923828e-09,0.0,0.0,1.0,4332.736328125,4332.736328125,0.3094567358493805,0.09054327011108398,0.0,asphalt,True,0.839952826499939,8.974964141845703,-7.450580596923828e-09,0.0,0.0,1.0,4333.11181640625,4333.11181640625,0.30945172905921936,0.09054827690124512,0.0,asphalt,True,-0.8399645090103149,6.773895263671875,2.421438694000244e-08,0.0,0.0,1.0,1307.0548095703125,1307.0548095703125,0.37599417567253113,0.02400583028793335,0.0,asphalt,True,0.8400354981422424,6.773958206176758,-2.421438694000244e-08,0.0,0.0,1.0,1307.550537109375,1307.550537109375,0.37598922848701477,0.024010777473449707,0.0,asphalt,276,65.7169766724461,21.28264575700856,65.76105001570483,24.768910143222186,0.0005877606380861788,-0.12444261065943006,2.3729773921308027e-05,-4528.965700180712,-0.6257385898607273,0.0,1607.5798027129886,1607.5798027129886,4357.05712890625,True,0.0,275,4.337916517209303e-05,-0.12435019397059788,2.158381200717553e-05,True,276,compliant-rolling,-37.718262473957026,-0.005226364535988833,13.39649835594157,4608.351956187527,4585.194321019217,85411.02689625665,69793.10947284491,-0.030258905538072606,-4.090497693102018e-06,-0.12474872472077948,2.1092663234569692e-05,68.67010358206294,0.002347644268975728,115.95260124164754,0.0007336388340549205,0.0,0.009870130530179617,-1.216393589542462e-05,0.999999999291356,3.7528585354047335e-05,-2.982179237439048e-06,0.32999999999853263,-8.343685631862207e-09,0.00023262276027112157,-2.549385729598295e-05,0.0,0.0,0.0,0.0,-15.940749435414178,-0.0005669748456348203,31.68338213280024,-7.856186981225747e-08,0.002208801839264373,0.005684558274826147,65.7205598710703,21.282972206801915,65.76463321432902,24.769305833685166,0.0005877606629379797,-0.12440885897325689,2.3729395840731696e-05,-4529.2865379635605,-0.6258706340885806,0.0,1607.6122383739148,1607.6122383739148,4357.537109375,True,0.0,275,4.337916517209303e-05,-0.12431642466004228,2.158346443731631e-05,True,276,compliant-rolling,-37.72093488781239,-0.005226514717141753,13.396768653115956,4608.808850833466,4585.551949831561,85419.49496494237,69799.64466251504,-0.030260901220959126,-4.09073313073097e-06,-0.12471408154018147,2.1088417911256506e-05,68.67916195790572,0.0023396564909977545,115.93113413859282,0.0007311426534368114,0.0,0.009848645180308197,-1.2260664478935026e-05,0.999999999291356,3.7528585354047335e-05,-2.982179237439048e-06,0.32999999999853263,-8.344128896891644e-09,0.00023263511819446309,-2.5495216201411306e-05,0.0,0.0,0.0,0.0,-15.941878869191395,-0.0005670150169294064,-31.685541710116908,-7.856412731115612e-08,0.002208865309847894,0.0056847233358145255,56.46456865683663,18.81092561671762,56.508642000095364,24.768910141897344,0.0011061636837227094,-0.24771386589374214,4.465936032914915e-05,-1448.4929435481872,-0.2135700526866265,-0.0,39.990500421556675,39.990500421556675,1211.3685302734375,True,0.0,275,4.337916517209303e-05,-0.2476344607525631,4.249244527731325e-05,True,276,compliant-rolling,-12.059348361077088,-0.0017342980251497848,0.33325417017963893,1456.197797167665,1559.3231657082983,26989.11680414539,23511.650945953934,-0.009310669671112198,-1.2693208504179291e-06,-0.24553917396242808,4.155682191769863e-05,6.5016428501807955,0.03895258876123471,75.43477318735468,0.012172683987885869,0.0,-0.05189249288135761,-2.3171925123937115e-05,0.999999999291356,3.7528585354047335e-05,-2.982179237439048e-06,0.32999999999853263,-7.090500621861502e-09,0.00019768149898682534,-2.169520153524137e-05,0.0,0.0,0.0,0.0,-5.096604084322102,-0.0001812741819748225,10.129865511980842,-2.6069688543394735e-08,0.000732960864364705,-0.0019308725737753262,56.46959448387814,18.811275451563727,56.51366782713687,24.769305835015377,0.0011061637075379482,-0.24765892497264014,4.465864785111713e-05,-1449.0211690344454,-0.2136828920222468,-0.0,39.9980723287971,39.9980723287971,1211.848876953125,True,0.0,275,4.337916517209303e-05,-0.24757950186923847,4.249176402710896e-05,True,276,compliant-rolling,-12.063745917808653,-0.001735033306625185,0.3333172694066425,1456.7174733056468,1559.8554205883584,26998.748462712385,23519.57536883245,-0.009313719041761937,-1.269842368948916e-06,-0.2454813890365023,4.155475809484942e-05,6.505902300103391,0.03906082346891922,75.44669797020464,0.012206507334037237,0.0,-0.0519633127701548,-2.3206536679909393e-05,0.999999999291356,3.7528585354047335e-05,-2.982179237439048e-06,0.32999999999853263,-7.0911130043698166e-09,0.00019769857150253332,-2.169708261671423e-05,0.0,0.0,0.0,0.0,-5.098462609752172,-0.00018134028533922777,-10.133533057774734,-2.60807411760896e-08,0.0007332716140386049,-0.0019316906271313527,1,0.9814626932807861,0.9805664145763119,0.1204324649553025,True,hold,275,0.13119844294652463,1,0.9814832602138184,0.9805861991740564,0.12040344924843596,True,hold,275,0.13115793317088761,1,0.0,0.03658917107813339,0.2771829339172229,True,release,275,0.19851055687386976,1,0.0,0.03659609896866958,0.2771379879339636,True,release,275,0.19844673987316763,True,True,0.0,1.0,False,-0.1204324649553025,-0.12040344924843596,-0.2771829339172229,-0.2771379879339636,0.0,0.0,0.0,0.0,275,275,275,275,True,0.0,-0.0,0.0002367669076193124,3.278332627809547e-05,-0.0002367669076193124,-0.0,-0.8215893530798439,-0.8215893530798439,0.8215893530798439,1,1,1,1,1.0,False,275,0.0,3.278332627809547e-05,94.2477843902005,94.24777411401904,1,12.025,0.0,24.00000476577881,0.25464790894703254,engaged,0.0,0.0,-0.0,-584.9587543959875,-0.0,0.0,679.2065168415257,3.7095367048569446e-05,-9.815757664716264e-05,-0.0032291772878270484,18.849556871078676,18.84955033455229,0.0,0.0,24.76502990734968,7.887208938603063
42,0.35,0,0.0,1,1,,,,-1.1081965567427687e-05,9.11002254486084,0.4215853810310364,0.0027983905747532845,24.23780059814453,-1.611490249633789,0.0002908139431383461,-0.8400649428367615,10.207837104797363,0.32986947894096375,0.9524146914482117,0.3048052191734314,9.837872312346008e-06,2.2417292711907066e-05,0.8399350047111511,10.207918167114258,0.32986947894096375,0.9524969458580017,0.3045482337474823,9.831823263084516e-06,2.2419944798457436e-05,-0.8399577736854553,8.006966590881348,0.32986947894096375,0.03215494751930237,0.9994829297065735,2.4418175598839298e-05,-1.7525677549201646e-06,0.8400421738624573,8.007047653198242,0.32986947894096375,0.03250667080283165,0.9994715452194214,2.4418788598268293e-05,-1.7439746216041385e-06,asphalt,0.0,0.0,1,899.9998107998317,1,-10.133206367492676,-0.0029759227763861418,248.4604551874116,160.1603513634047,-0.0,8016.137597238172,3755.862402761828,0.00020910450257360935,0.002354993450087331,True,-0.0,True,0,0,-0.00016319393762387335,24.23780059814453,0.06166735291481018,False,True,-0.840066134929657,10.198556900024414,1.4901161193847656e-08,0.0,0.0,1.0,4170.220703125,4170.220703125,0.3108098804950714,0.08919012546539307,0.0,asphalt,True,0.8399338126182556,10.198637962341309,1.4901161193847656e-08,0.0,0.0,1.0,4170.888671875,4170.888671875,0.31080135703086853,0.08919864892959595,0.0,asphalt,True,-0.8399589657783508,7.99768590927124,-9.313225746154785e-09,0.0,0.0,1.0,1750.0399169921875,1750.0399169921875,0.37270304560661316,0.02729696035385132,0.0,asphalt,True,0.840040922164917,7.997766971588135,-2.60770320892334e-08,0.0,0.0,1.0,1750.9471435546875,1750.9471435546875,0.3726944625377655,0.027305543422698975,0.0,asphalt,282,62.598272562711514,24.485148146523105,62.67710063001408,24.244844045376603,0.0007744308577150456,-0.14796606211339144,3.194208451092691e-05,-4437.981413395629,-0.7334578416847164,0.0,1570.7522544316116,1570.7522544316116,4200.451171875,True,0.0,281,6.55394802261122e-06,-0.14789390612572306,2.9853682114155246e-05,True,282,compliant-rolling,-36.97430340085277,-0.006157368314843373,13.08960212026343,4459.006012250438,4430.113442276743,82643.05462423201,67654.98951582062,-0.02966304298249516,-4.9057212431498185e-06,-0.14836724411628757,2.9952694838614008e-05,65.99221072855921,0.0023473238666268945,132.4478710773488,0.0007335387083209355,0.0,0.011475033978645605,2.4003447877563035e-06,0.9999999988013626,4.8698388069005547e-05,-5.073653477041582e-06,0.3299999999957526,-9.538844317002676e-09,0.00019861707552530454,-4.623660392035697e-05,2.5167028443534643e-14,1.5360735133993312e-18,-1.920091891749164e-19,1.535628893430874e-15,-15.594164014888781,-0.0007322001810023263,31.058485821068793,-1.2193404012913263e-07,0.0025969119785913893,0.006701598871998813,62.603102840675746,24.485686358044187,62.68193090797831,24.24519610651941,0.0007744310150890227,-0.1479126897388968,3.1941627175265726e-05,-4438.471978764035,-0.7337516273803223,0.0,1570.8641098390372,1570.8641098390372,4201.04833984375,True,0.0,281,6.55394802261122e-06,-0.14784050336363813,2.98532554576523e-05,True,282,compliant-rolling,-36.97837531578251,-0.006159525936425516,13.090534248658642,4459.576541670802,4430.752074729533,82653.62879567791,67663.16502273995,-0.0296660590461269,-4.907384022952812e-06,-0.14831226061418784,2.9950436591664225e-05,66.00563125580291,0.002333630298090051,132.4155378047405,0.0007292594681531453,0.0,0.0114368781549996,2.355976062599433e-06,0.9999999988013626,4.8698388069005547e-05,-5.073653477041582e-06,0.3299999999957526,-9.539570062975169e-09,0.00019863218627002696,-4.624012869388853e-05,2.516889016919225e-14,1.5361871441157378e-18,-1.9202339301446723e-19,1.5357423682407025e-15,-15.59588027067231,-0.0007322807651743374,-31.061762420794903,-1.2197675877641264e-07,0.002597821786604912,0.006703943007207329,70.61729019467035,22.02734369847825,70.69611826197291,24.244844045374563,0.0012356458460392704,-0.03881807940987107,5.096530390778733e-05,-1351.0327283938097,-1.0691951845320626,-0.0,60.07839315828171,60.07839315828171,1690.7493896484375,True,0.0,281,6.55394802261122e-06,-0.03873667996760153,4.883747982436164e-05,True,282,compliant-rolling,-12.002084042374324,-0.008556622054564655,0.5006532763190142,1965.816729834222,2027.7521502429297,36434.37549502775,31215.16500471605,-0.010156677477789273,-6.080007335318795e-06,-0.04585091418555987,4.235332196053965e-05,7.73686007657408,0.16714316421794956,15.039420786438995,0.052232238818109254,0.0,0.1724688932745812,-0.00015719408423424345,0.9999999988013626,4.8698388069005547e-05,-5.073653477041582e-06,0.3299999999957526,-1.0671353889143505e-08,0.00022219218397133135,-5.178638853573594e-05,2.7661746990740152e-14,1.6883390497277925e-18,-2.1104238121597406e-19,1.686629892226969e-15,-5.061960243654249,-0.000237676620759632,10.081773456711066,-1.6944632347733054e-07,0.0036088133116932357,-0.009519359089247854,70.62412790154085,22.02804793153937,70.70295596884341,24.24519610885414,0.0012356460023809053,-0.038738969048909125,5.096457029109534e-05,-1350.4005716980669,-1.0701617312750349,-0.0,60.14505052334627,60.14505052334627,1691.5489501953125,True,0.0,281,6.55394802261122e-06,-0.03865753383258093,4.883676964133876e-05,True,282,compliant-rolling,-11.997861897544524,-0.008566078964320491,0.5012087543612189,1966.6533867127534,2028.6981998892713,36449.88206306651,31227.712044550797,-0.01015492921429715,-6.0864993375485645e-06,-0.04578692359158089,4.2353004939386586e-05,7.734196829464494,0.1679730008325522,15.014455949290532,0.05249156276017254,0.0,0.17283881044650548,-0.00015718683064275027,0.9999999988013626,4.8698388069005547e-05,-5.073653477041582e-06,0.3299999999957526,-1.0672442477315192e-08,0.00022221485355591655,-5.1791633687300556e-05,2.7664823583614786e-14,1.6885268300546134e-18,-2.1106585375682668e-19,1.6868180076104161e-15,-5.06018024060094,-0.0002375930434318206,-10.07818124905091,-1.696336221228496e-07,0.003612802338019332,-0.009529877691059573,1,0.9419453047013742,0.9581029219926389,0.14422033072140453,True,release,281,0.15562238345469961,1,0.9420433966919156,0.9581711498066642,0.14417069578606378,True,release,281,0.15556212026220692,1,0.10664845614828303,0.0549685195782844,0.06821544812919254,True,apply,281,-0.039182278306871335,1,0.10675784446745877,0.055029507505623514,0.0681219333751926,True,apply,281,-0.03927046454194373,True,True,0.0,1.0,False,-0.14422033072140453,-0.14417069578606378,-0.06821544812919254,-0.0681219333751926,0.0,0.0,0.0,0.0,281,281,281,281,True,0.0,-0.0,0.00021738866053055972,4.1102389566924665e-05,-0.00021738866053055972,-0.0,-1.1827963688847376,-1.1827963688847376,1.1827963688847376,1,1,1,1,1.0,False,281,0.0,4.1102389566924665e-05,94.24778849571922,94.24775979469851,1,12.025,0.0,24.000016982672676,0.25464790894703254,engaged,0.0,0.0,-0.0,-755.6434772435236,-0.0,0.0,849.891215955767,3.3336652767933796e-05,-0.0002742070769735205,-0.009579233027803962,18.849562359785097,18.849542121723957,0.0,0.0,24.237800598693926,9.110022544881017
48,0.4,0,0.0,1,1,,,,-2.386689266131725e-05,10.30909252166748,0.4207168519496918,0.0032950351014733315,23.808813095092773,-1.4237773418426514,0.0005130422650836408,-0.8400875329971313,11.407127380371094,0.3298981487751007,-0.3431433141231537,0.9392830729484558,2.536839929234702e-05,-1.4032781109563075e-05,0.8399124145507812,11.407222747802734,0.3298981487751007,-0.3427571952342987,0.9394239783287048,2.5374165488756262e-05,-1.4022350114828441e-05,-0.8399614095687866,9.206446647644043,0.32989808917045593,0.9659994840621948,-0.2585437595844269,-3.0819840048934566e-06,2.882665467041079e-05,0.840038537979126,9.206543922424316,0.3298981487751007,0.9658929705619812,-0.2589416801929474,-3.0938597319618566e-06,2.88253777398495e-05,asphalt,0.0,0.0,1,899.9997283571163,1,-8.219070434570312,-0.003989499993622303,239.4525052079923,162.80241250424737,-0.0,7986.049988319558,3785.950011680442,0.00013616017531603575,0.002501576121417758,True,-0.0,True,0,0,-0.00032730167731642723,23.808813095092773,0.06904435902833939,False,True,-0.8400899767875671,11.398927688598633,2.2351741790771484e-08,0.0,0.0,1.0,3985.689697265625,3985.689697265625,0.3135140836238861,0.08648592233657837,0.0,asphalt,True,0.8399099111557007,11.399023056030273,7.450580596923828e-09,0.0,0.0,1.0,3986.811279296875,3986.811279296875,0.3134990632534027,0.08650094270706177,0.0,asphalt,True,-0.8399639129638672,9.198247909545898,-2.0489096641540527e-08,0.0,0.0,1.0,2002.6610107421875,2002.6610107421875,0.3681945502758026,0.031805455684661865,0.0,asphalt,True,0.8400360345840454,9.198345184326172,-7.450580596923828e-09,0.0,0.0,1.0,2004.1536865234375,2004.1536865234375,0.36817941069602966,0.031820595264434814,0.0,asphalt,288,60.208919673905235,27.548962106688393,60.29570410560652,23.816570939061997,0.0008659054806296743,-0.16575129381848736,3.635726916623224e-05,-4276.630189764404,-0.7366823871764654,0.0,1477.3580274693634,1477.3580274693634,4014.36279296875,True,0.0,287,0.0005530442424464152,-0.16569311528155997,3.4632780018473325e-05,True,288,compliant-rolling,-35.63766307981699,-0.006178727886396947,12.311316895578027,4280.817055128246,4253.288550342631,79340.50699894811,65098.71372238791,-0.02862330998695989,-4.959161514091125e-06,-0.16640134001043413,3.493476897770732e-05,61.447042440216045,0.004365973221276144,141.1460438770751,0.0013643666316487662,0.0,0.016866308279578964,7.191839937203481e-06,0.9999999983190511,5.7286721034071317e-05,-8.951511502760342e-06,0.32999999998677865,-7.728797862183519e-09,0.00012734256150284714,-7.032690123559138e-05,0.0,0.0,0.0,0.0,-14.997565944811024,-0.0008420671979910266,29.935758361436598,-1.4599453580316001e-07,0.002600223216761971,0.006732678053114234,60.215310826752265,27.54978442113118,60.30209525845355,23.816800828794815,0.00086590559873142,-0.165670792023093,3.635692318940685e-05,-4277.603366519462,-0.7371534736954674,0.0,1477.6294463607423,1477.6294463607423,4015.421142578125,True,0.0,287,0.0005530442424464152,-0.1656125684450346,3.463244141536364e-05,True,288,compliant-rolling,-35.645769498194085,-0.0061822485135964314,12.313578719672853,4281.832779769359,4254.365731642414,79359.33240236047,65113.30170650351,-0.028629484266473135,-4.9619908157354045e-06,-0.16631881137428386,3.493246690287498e-05,61.473554548918926,0.004341984873336025,141.10985803125894,0.001356870272917478,0.0,0.016819273451508288,7.145148664843298e-06,0.9999999983190511,5.7286721034071317e-05,-8.951511502760342e-06,0.32999999998677865,-7.729609694670578e-09,0.00012735593611094167,-7.033429824121529e-05,0.0,0.0,0.0,0.0,-15.000977407114666,-0.0008422587411063329,-29.942323203264465,-1.4607772320729484e-07,0.002601704818921829,0.0067365207533072536,71.273814446238,25.630920421139244,71.3605988779393,23.816570944233945,0.0011670412087594504,-0.012437230305374913,4.900122736215834e-05,-470.4179561847581,-1.629554345283558,-0.0,258.12447712889997,258.12447712889997,1973.49072265625,True,0.0,287,0.0005530442424464152,-0.012368359877330497,4.721515616850288e-05,True,288,compliant-rolling,-3.7683932240014597,-0.01363603153983696,2.1510373094074997,2259.348845625431,2289.382769264341,41874.68901168438,35599.84501873247,-0.002983691825269345,-1.0747690485250869e-05,-0.011408281411588663,4.6484489021267935e-05,0.6676899315772413,0.002180457590922173,0.9854153238899137,0.0006813929971631797,0.0,-0.02286418239435632,-1.7400772495927495e-05,0.9999999983190511,5.7286721034071317e-05,-8.951511502760342e-06,0.32999999998677865,-9.152887158631116e-09,0.00015080701823265864,-8.328087040635924e-05,0.0,0.0,0.0,0.0,-1.5858708175874456,-8.904176855469233e-05,3.165463152636729,-3.222000179390454e-07,0.005738515914155846,-0.01515039324044606,71.27424418160946,25.631746138268102,71.36102861331075,23.81680082880218,0.0011670410689226484,-0.012440808148131989,4.9000748521072136e-05,-470.59507408567447,-1.6303072245412933,-0.0,258.2160218553913,258.2160218553913,1974.912841796875,True,0.0,287,0.0005530442424464152,-0.01237189134655321,4.7214702386319346e-05,True,288,compliant-rolling,-3.7695391375280893,-0.01364247802888793,2.151800182128261,2260.8140933296995,2290.918456526793,41901.8458591363,35621.649434755556,-0.0029838040074122636,-1.075338133447222e-05,-0.011405091485326447,4.648827268072421e-05,0.6677401492394704,0.0022123492243032506,0.9853824625899124,0.0006913591325947648,0.0,-0.023024472973834937,-1.730002437046024e-05,0.9999999983190511,5.7286721034071317e-05,-8.951511502760342e-06,0.32999999998677865,-9.152947253143256e-09,0.0001508080092044264,-8.328141155043931e-05,0.0,0.0,0.0,0.0,-1.5863528331370733,-8.906883224521096e-05,-3.16639983942252,-3.223522936442626e-07,0.0057412280076042516,-0.015157554464206167,1,0.8724866349738288,0.901135770427319,0.16391579835675268,True,release,287,0.1712465040108917,1,0.8727013007216751,0.9013013262825981,0.16383964362634593,True,release,287,0.1711560497211957,1,0.310307001978182,0.23617010423885595,0.008304518131660759,True,apply,287,0.018363372220490587,1,0.3103835237965581,0.2362538627720972,0.008306271045603195,True,apply,287,0.018384045388871395,True,True,0.0,1.0,False,-0.16391579835675268,-0.16383964362634593,-0.008304518131660759,-0.008306271045603195,0.0,0.0,0.0,0.0,287,287,287,287,True,0.0,-0.0,0.00015457411063835025,4.366073980800931e-05,-0.00015457411063835025,-0.0,-2.0844419779125474,-2.0844419779125474,2.0844419779125474,1,1,1,1,1.0,False,287,0.0,4.366073980800931e-05,94.24779903066485,94.24775116131752,1,12.025,0.0,24.00003287170665,0.25464790894703254,engaged,0.0,0.0,-0.0,-763.6448115893974,-0.0,0.0,857.8925277558416,2.234477038510555e-05,-0.00029219112076328644,-0.011476954328329816,18.849570685807777,18.84953381535763,0.0,0.0,23.808813097342494,10.309092521758364
54,0.45,0,0.0,1,1,,,,-4.523699317360297e-05,11.487046241760254,0.4202416241168976,0.0035291598178446293,23.3753662109375,-1.2425514459609985,0.0007303037564270198,-0.8401136994361877,12.585294723510742,0.3299223780632019,0.9090859293937683,0.4166085720062256,1.8565357095212676e-05,2.521768146834802e-05,0.8398862481117249,12.585397720336914,0.3299223780632019,0.9093246459960938,0.41608747839927673,1.8550901586422697e-05,2.522831709939055e-05,-0.839978814125061,10.38477611541748,0.3299224078655243,0.423052579164505,0.9061051607131958,3.04762816085713e-05,7.197248123702593e-06,0.8400211334228516,10.384880065917969,0.3299223780632019,0.423443078994751,0.9059227108955383,3.047317295568064e-05,7.2103844104276504e-06,asphalt,0.0,0.0,1,900.0000399078814,1,-8.968989372253418,-0.003767593065276742,230.96116900663037,161.89488298504926,-0.0,7946.965365962301,3825.034634037699,4.1607094317441806e-05,0.0023441915106392278,True,-0.0,True,0,0,-0.0004964188556186855,23.3753662109375,0.07590176165103912,False,True,-0.8401174545288086,12.57813835144043,-1.4901161193847656e-08,0.0,0.0,1.0,3855.325927734375,3855.325927734375,0.3164921700954437,0.08350783586502075,0.0,asphalt,True,0.839882493019104,12.578241348266602,-1.4901161193847656e-08,0.0,0.0,1.0,3856.640625,3856.640625,0.31647077202796936,0.08352923393249512,0.0,asphalt,True,-0.8399825692176819,10.377620697021484,-2.60770320892334e-08,0.0,0.0,1.0,2088.30419921875,2088.30419921875,0.36421021819114685,0.03578978776931763,0.0,asphalt,True,0.8400173783302307,10.377723693847656,3.725290298461914e-09,0.0,0.0,1.0,2089.8837890625,2089.8837890625,0.3641887605190277,0.03581124544143677,0.0,asphalt,294,59.46674365240209,30.534817371788638,59.54033832789721,23.38197202066715,0.0008810254141642963,-0.16071983208457372,3.767968813616818e-05,-4136.34193723484,-0.7704354333764895,0.0,1362.7230409313693,1362.7230409313693,3871.437744140625,True,0.0,293,0.0004953142511431155,-0.16066675130603383,3.66657642171852e-05,True,294,compliant-rolling,-34.47419282727515,-0.006423802876347596,11.356025341094744,4143.399060468759,4127.876548745008,76793.60690332236,63123.30353257141,-0.027661302386777917,-5.115269871660523e-06,-0.1612165010744761,3.6531252400781665e-05,57.386075692406365,0.0023160090167945666,130.75477515002564,0.0007237528177483233,0.0,0.01285342078184756,-3.144952627411093e-06,0.999999998038792,6.13190567198884e-05,-1.2743207637432458e-05,0.3299999999732058,-3.093147895906176e-09,4.1067398293089257e-05,-4.820683312166549e-05,0.0,0.0,0.0,0.0,-14.48940790586774,-0.0008833643800936792,28.95849809895735,-1.6460308945128408e-07,0.0026999065837053173,0.0070080643777486636,59.472608760486644,30.535961775449362,59.54620343598177,23.382042984679224,0.0008810254149747267,-0.16063960269738942,3.7679573813762195e-05,-4137.546046613379,-0.7709934853385942,0.0,1363.20682053103,1363.20682053103,3872.7470703125,True,0.0,293,0.0004953142511431155,-0.16058647878539578,3.666565188195939e-05,True,294,compliant-rolling,-34.48424445621239,-0.006428222895365515,11.360056837758583,4144.660212659726,4129.143402451909,76816.98105198269,63141.449210559156,-0.027669257967256288,-5.118822174758185e-06,-0.16113576617259046,3.653006237145165e-05,57.4190896995687,0.0023112873108751455,130.72708134432452,0.0007222772846484862,0.0,0.01284264847506375,-3.1701591248665457e-06,0.999999998038792,6.13190567198884e-05,-1.2743207637432458e-05,0.3299999999732058,-3.093458382033946e-09,4.107152358391689e-05,-4.821165710538363e-05,0.0,0.0,0.0,0.0,-14.493632577711974,-0.0008836219423521942,-28.966587469925994,-1.6471634771897807e-07,0.0027017643054748504,0.007012896226505614,68.79396221641548,29.126270540447543,68.8675568919106,23.381972020665106,0.0009739763464712719,-0.02908071613849865,4.1655012889722825e-05,-1065.0644413925772,-1.460622054839335,-0.0,422.74903001055213,422.74903001055213,2082.816650390625,True,0.0,293,0.0004953142511431155,-0.029019309765073973,4.058174128841441e-05,True,294,compliant-rolling,-8.72902983492458,-0.012320520642632109,3.522908583421268,2371.6885020228474,2377.311531426253,43956.78810161888,37269.336939268396,-0.006657121693120669,-1.0011185237758571e-05,-0.02617522146676455,4.233772351744429e-05,3.323802709563575,0.040564023746751804,5.245621904331003,0.012676257420859913,0.0,-0.06649618742447687,4.1055730824450726e-05,0.999999998038792,6.13190567198884e-05,-1.2743207637432458e-05,0.3299999999732058,-3.5829185694068212e-09,4.7572589998703035e-05,-5.582717314566066e-05,0.0,0.0,0.0,0.0,-3.6687870992194744,-0.00022367206877275147,7.332429557062438,-3.1570018577198767e-07,0.005178280753321133,-0.013670701340309822,68.79501855345615,29.12713262621601,68.86861322895126,23.38204298248389,0.0009739763479781581,-0.02906875426564909,4.1654886535982535e-05,-1065.3938766877095,-1.461239317324366,-0.0,422.8394470982994,422.8394470982994,2084.41455078125,True,0.0,293,0.0004953142511431155,-0.02900730313084841,4.0581617327743994e-05,True,294,compliant-rolling,-8.731802375640864,-0.012325454541344774,3.5236620591524948,2373.326005251093,2378.929845297232,43987.13752666283,37293.63906547641,-0.00665937081569718,-1.0015101361990705e-05,-0.0261635626379622,4.233631786868629e-05,3.3260489972410965,0.04055576955566484,5.245029207758625,0.012673677986145236,0.0,-0.0664882543331324,4.1025886974239804e-05,0.999999998038792,6.13190567198884e-05,-1.2743207637432458e-05,0.3299999999732058,-3.582972373810819e-09,4.757330372216604e-05,-5.582801484038421e-05,0.0,0.0,0.0,0.0,-3.669952130186993,-0.00022374309630300652,-7.334669055753684,-3.1582658926359766e-07,0.00518035408997805,-0.013676157110734787,1,0.8037619975104898,0.8312125121574254,0.16356386243224133,True,release,293,0.15740191840804907,1,0.8041107726701915,0.8315076004800604,0.16347916898119885,True,release,293,0.15732456076166423,1,0.44523351674136047,0.38679277376166754,0.027165586994050722,True,apply,293,0.03337148666000804,1,0.44532216609447606,0.38687550056571096,0.027155945161514077,True,apply,293,0.03335337564511341,True,True,0.0,1.0,False,-0.16356386243224133,-0.16347916898119885,-0.027165586994050722,-0.027155945161514077,0.0,0.0,0.0,0.0,293,293,293,293,True,0.0,-0.0,5.838527431478724e-05,4.091386015795421e-05,-5.838527431478724e-05,-0.0,-2.436105248992135,-2.436105248992135,2.436105248992135,1,1,1,1,1.0,False,293,0.0,4.091386015795421e-05,94.24780621420364,94.24778378683736,1,12.025,0.0,24.000002782592286,0.25464790894703254,engaged,0.0,0.0,-0.0,-733.6936633858525,-0.0,0.0,827.9414086112032,7.3125710836847655e-06,-0.00021619207525653514,-0.009749405008534578,18.849552801868967,18.849545311316284,0.0,0.0,23.375366216208683,11.487046242047642
60,0.5,0,0.0,1,1,,,,-7.44160424801521e-05,12.642390251159668,0.42000746726989746,0.0035278841387480497,22.911705017089844,-1.1154814958572388,0.0008293599239550531,-0.8401429653167725,13.740793228149414,0.3299374282360077,-0.48331692814826965,0.8754454851150513,2.3331276679527946e-05,-2.114644848916214e-05,0.8398569822311401,13.740896224975586,0.32993748784065247,-0.4827424883842468,0.8757623434066772,2.334514465474058e-05,-2.1131134417373687e-05,-0.8400081396102905,11.540375709533691,0.3299374580383301,0.8492624759674072,-0.5279709100723267,-1.0034637853095774e-05,2.9846722100046463e-05,0.8399918079376221,11.54047966003418,0.3299374282360077,0.8490196466445923,-0.5283612012863159,-1.0048357580672018e-05,2.9842107323929667e-05,asphalt,0.0,0.0,1,900.0003780005148,1,-9.4696626663208,-0.0032654679380357265,221.99910345587094,160.1478846786867,-0.0,7960.403835527366,3811.596164472634,-2.708512511162553e-05,0.001977743668763481,True,-0.0,True,0,0,-0.0006420959252864122,22.911705017089844,0.0776820257306099,False,True,-0.8401473760604858,13.734368324279785,-7.450580596923828e-09,0.0,0.0,1.0,3812.093017578125,3812.093017578125,0.31868085265159607,0.08131915330886841,0.0,asphalt,True,0.8398525714874268,13.734472274780273,3.725290298461914e-08,0.0,0.0,1.0,3813.331787109375,3813.331787109375,0.31865647435188293,0.08134353160858154,0.0,asphalt,True,-0.8400125503540039,11.533950805664062,0.0,0.0,0.0,1.0,2068.63916015625,2068.63916015625,0.36151763796806335,0.03848236799240112,0.0,asphalt,True,0.8399873971939087,11.53405475616455,-3.725290298461914e-09,0.0,0.0,1.0,2069.93798828125,2069.93798828125,0.361493319272995,0.03850668668746948,0.0,asphalt,300,60.265795968203356,33.52916951084835,60.31620267684159,22.91626434834651,0.0007991349026716369,-0.13215730255531977,3.4871953395203664e-05,-4038.75609512164,-0.8526812010723106,0.0,1297.5570748191478,1297.5570748191478,3812.697265625,True,0.0,299,0.00040242358729510546,-0.13210194834924557,3.4503031069402996e-05,True,300,compliant-rolling,-33.682857262974736,-0.007086618448758656,10.812975623492898,4086.7756964969235,4086.1927755181905,75744.15154289543,62308.279024488496,-0.027001562569858438,-5.6126767419177855e-06,-0.13260285994243903,3.4032606345004576e-05,54.681330953709036,0.0011771547694466554,103.49670826999679,0.0003678608654520761,0.0,0.011478290357125493,-1.0779689784642712e-05,0.9999999980169586,6.129139352775534e-05,-1.4472318042357883e-05,0.32999999996544116,1.2418190487032545e-09,-2.189984811926708e-05,-7.338898744258311e-06,0.0,0.0,0.0,0.0,-14.14817783697859,-0.0008702965189545176,28.293802293998624,-1.831038061575907e-07,0.0029766696243451645,0.007737993907024201,60.26660190262385,33.53048505437025,60.31700861126208,22.916219637334017,0.0007991349282187628,-0.13214400365658144,3.487202254742395e-05,-4039.9280067155887,-0.8529765246152853,0.0,1298.1700053447728,1298.1700053447728,3813.9609375,True,0.0,299,0.00040242358729510546,-0.1320886184573133,3.450310028568252e-05,True,300,compliant-rolling,-33.69258207081455,-0.007089178944404811,10.818083377873107,4087.9947369339966,4087.387812461428,75766.74519384665,62325.83220763237,-0.027009370004813734,-5.6149634522329735e-06,-0.1325894962924731,3.403475551340792e-05,54.712957468855976,0.0011779563329936706,103.51344113714299,0.0003681113540605222,0.0,0.011477494006471085,-1.0732006780339331e-05,0.9999999980169586,6.129139352775534e-05,-1.4472318042357883e-05,0.32999999996544116,1.241840872119738e-09,-2.1900227110065817e-05,-7.33900254497343e-06,0.0,0.0,0.0,0.0,-14.152263658178663,-0.000870547849974559,-28.301565029112666,-1.8316997715299537e-07,0.002977745348526803,0.007740794069067712,66.56693307736927,32.508877009062005,66.6173397860075,22.9162643483476,0.0007405756213113686,-0.04141933522357259,3.231659444122963e-05,-1463.4079126239915,-1.084843490293604,-0.0,562.6157811402809,562.6157811402809,2077.431640625,True,0.0,299,0.00040242358729510546,-0.041358193458034834,3.1902021476885795e-05,True,300,compliant-rolling,-12.077361797041394,-0.009193358354201375,4.688464842835674,2366.1691028539276,2357.1541180905556,43854.49175894593,37187.41686542179,-0.009432720725573999,-7.59962789205199e-06,-0.03924166623768953,3.4306610948316826e-05,6.673220853076303,0.02045363622086467,10.725729006086452,0.00639176131902018,0.0,-0.04849980378789153,5.5100693514194475e-05,0.9999999980169586,6.129139352775534e-05,-1.4472318042357883e-05,0.32999999996544116,1.3743880172705287e-09,-2.423466891036469e-05,-8.109183403933096e-06,0.0,0.0,0.0,0.0,-5.072986335321615,-0.0003120544849807374,10.145056321661405,-2.3753769694689864e-07,0.0038615868341381723,-0.010190963329174242,66.56808816117804,32.50979639757524,66.61849486981627,22.916219638837344,0.0007405756474175284,-0.04140083150281945,3.231665863005713e-05,-1463.7619555072674,-1.0853450075001665,-0.0,562.7320341904332,562.7320341904332,2078.790771484375,True,0.0,299,0.00040242358729510546,-0.041339655112162275,3.1902085569425806e-05,True,300,compliant-rolling,-12.080259977867861,-0.009197531334289742,4.689433618253609,2367.5622872979216,2358.486055448002,43880.3129885631,37208.09580024087,-0.009435003851114994,-7.60310313233942e-06,-0.03922261859700435,3.430754252811712e-05,6.6764516608299,0.020460963238170808,10.723088988072956,0.006394051011928376,0.0,-0.048511377840018285,5.5120462350746495e-05,0.9999999980169586,6.129139352775534e-05,-1.4472318042357883e-05,0.32999999996544116,1.3744118207510525e-09,-2.4235088689380903e-05,-8.10932406721723e-06,0.0,0.0,0.0,0.0,-5.074203329884464,-0.00031212934593766335,-10.147344637059907,-2.3764550141078287e-07,0.0038633393824862765,-0.010195583535997315,1,0.7840872899405769,0.7914635941657809,0.13756080526087472,True,hold,299,0.12153317006746708,1,0.7844757384623166,0.7918374599526503,0.13753300168471919,True,hold,299,0.1215463798792791,1,0.5653137674987188,0.5147633775621074,0.03912093205484,True,apply,299,0.045680771154213415,1,0.565431706011173,0.5148697428912616,0.03910302989337603,True,apply,299,0.04566070875303088,True,True,0.0,1.0,False,-0.13756080526087472,-0.13753300168471919,-0.03912093205484,-0.03910302989337603,0.0,0.0,0.0,0.0,299,299,299,299,True,0.0,-0.0,-1.6935890016611665e-05,3.451813878039487e-05,1.6935890016611665e-05,0.0,-2.195494608770332,-2.195494608770332,2.195494608770332,1,1,1,1,1.0,False,299,0.0,3.451813878039487e-05,94.24780094118869,94.24781919181514,1,12.025,0.0,23.999953503284658,0.25464781472502274,engaged,0.0,0.0,-0.0,-706.6374255319027,-0.0,0.0,800.8852111496413,-3.862829626163376e-06,-0.00012154541968527666,-0.006169554688067163,18.849522032040845,18.8495542049166,0.0,0.0,22.911705026087148,12.642390251817638
66,0.55,0,0.0,1,1,,,,-0.00011005014675902203,13.773905754089355,0.41976600885391235,0.003381522838026285,22.426822662353516,-1.0621612071990967,0.0008037600782699883,-0.8401758074760437,14.872380256652832,0.3299432694911957,0.8485191464424133,0.5291646718978882,2.149710235244129e-05,2.121792931575328e-05,0.8398241400718689,14.872479438781738,0.3299432694911957,0.8488348722457886,0.5286579728126526,2.1484431272256188e-05,2.1230760467005894e-05,-0.8400465250015259,12.672001838684082,0.32994329929351807,0.5776659846305847,0.8162732720375061,2.8032685804646462e-05,1.124697519117035e-05,0.8399534225463867,12.672101020812988,0.32994329929351807,0.5780629515647888,0.8159920573234558,2.8027208827552386e-05,1.1260608516749926e-05,asphalt,0.0,0.0,1,900.0005228834077,1,-9.835528373718262,-0.002647615037858486,212.79154241811347,158.98407303877846,-0.0,7998.829454392242,3773.170545607758,-6.418082921300083e-05,0.0015072551583264172,True,-0.0,True,0,0,-0.0007587910513393581,22.426822662353516,0.07530466467142105,False,True,-0.8401800990104675,14.866263389587402,-1.4901161193847656e-08,0.0,0.0,1.0,3860.462890625,3860.462890625,0.3194555938243866,0.08054441213607788,0.0,asphalt,True,0.8398199081420898,14.866362571716309,-1.4901161193847656e-08,0.0,0.0,1.0,3861.483154296875,3861.483154296875,0.3194320499897003,0.08056795597076416,0.0,asphalt,True,-0.8400508165359497,12.665884971618652,2.60770320892334e-08,0.0,0.0,1.0,1983.612060546875,1983.612060546875,0.3602443039417267,0.03975570201873779,0.0,asphalt,True,0.8399491310119629,12.665984153747559,3.725290298461914e-09,0.0,0.0,1.0,1984.534423828125,1984.534423828125,0.36022070050239563,0.03977930545806885,0.0,asphalt,306,60.91726419535782,36.5653419116048,60.94229623313384,22.429123332303224,0.0006493950624176089,-0.10372345433857783,2.8953207515733213e-05,-3949.3512554483277,-0.9010489855294569,0.0,1299.468778423353,1299.468778423353,3846.6640625,True,0.0,305,0.00032759965264373775,-0.10366061037288098,2.9028534722032742e-05,True,306,compliant-rolling,-32.956569638755894,-0.007512766208727011,10.828906486861275,4119.528819433382,4132.826325582547,76351.19672752073,62779.79635811135,-0.02641166035577525,-5.990205324658777e-06,-0.10421340358852044,2.8916253766678114e-05,52.318187897354235,0.0009986644760538689,77.71751192817823,0.00031208264876682914,0.0,0.012397797917959766,-2.5181868306403634e-06,0.9999999981753479,5.8758658026749126e-05,-1.4025847022875396e-05,0.3299999999675406,3.785971344442347e-09,-5.74799692390733e-05,2.656341088711591e-05,0.0,0.0,0.0,0.0,-13.835661403996692,-0.0008203525480692615,27.68371674540522,-1.8700723315360522e-07,0.003153971745563588,0.00820680111572572,60.91253001002464,36.56653352729159,60.93756204780066,22.429016056396097,0.0006493950922749728,-0.10378882199789172,2.89533473274376e-05,-3950.753254663044,-0.9007452544317243,0.0,1300.0550261655524,1300.0550261655524,3847.72314453125,True,0.0,305,0.00032759965264373775,-0.1037259603461059,2.902867575268986e-05,True,306,compliant-rolling,-32.96807288067771,-0.0075106092305606935,10.833791884712936,4120.549593002806,4133.809333390495,76370.11570758607,62794.488164649396,-0.026420674354280235,-5.988775815286857e-06,-0.10427653129174438,2.8920376195716767e-05,52.35390519002678,0.0009905995956271604,77.78964070901971,0.00030956237363350005,0.0,0.012347898478991108,-2.428882138695657e-06,0.9999999981753479,5.8758658026749126e-05,-1.4025847022875396e-05,0.3299999999675406,3.785686000796226e-09,-5.7475634344025524e-05,2.6561420117633612e-05,0.0,0.0,0.0,0.0,-13.840489654672194,-0.0008206388276787944,-27.69298127086074,-1.869535285373999e-07,0.0031530659899986213,0.00820444881147584,64.01916667965334,35.77071279171279,64.04419871742935,22.429123331557776,0.0005088905432101973,-0.05808512040758911,2.268882896581453e-05,-1773.3294178894726,-0.6704782476826229,-0.0,679.0072429110769,679.0072429110769,2000.94091796875,True,0.0,305,0.00032759965264373775,-0.05801907647242122,2.273161811762882e-05,True,306,compliant-rolling,-14.678690172519172,-0.005715556298243671,5.6583936909256405,2287.6129700248844,2269.774839440354,42398.53526132674,36020.30676177893,-0.011572620249066391,-4.820955726666392e-06,-0.056349862527206654,2.5079850958076354e-05,10.04441720030367,0.011562501878852209,18.337364104856384,0.0036132818371412924,0.0,-0.03743638052951386,5.266511131733584e-05,0.9999999981753479,5.8758658026749126e-05,-1.4025847022875396e-05,0.3299999999675406,3.9858006400361995e-09,-6.051170211076963e-05,2.7974417212651075e-05,0.0,0.0,0.0,0.0,-6.162334360778621,-0.00036538092016758883,12.330187048571418,-1.4227122413358528e-07,0.002399476285259514,-0.006332839477273186,64.02022257036639,35.771687551138136,64.0452546081424,22.429016056400464,0.0005088905745346476,-0.05806507993853663,2.2688938880228066e-05,-1773.7709667116599,-0.6707226071654214,-0.0,679.1558028978278,679.1558028978278,2001.925048828125,True,0.0,305,0.00032759965264373775,-0.05799901116108797,2.2731728874258515e-05,True,306,compliant-rolling,-14.682299437562165,-0.0057177169415547225,5.659631690815232,2288.6255584675932,2270.724701315961,42417.302538552365,36035.364817514994,-0.011575465817217991,-4.822817166666441e-06,-0.056329133137336895,2.5081527194860994e-05,10.04935741088607,0.011569266085098878,18.335025327504365,0.003615395651593429,0.0,-0.037451094128961186,5.26999678345447e-05,0.9999999981753479,5.8758658026749126e-05,-1.4025847022875396e-05,0.3299999999675406,3.985866473037336e-09,-6.051270154693062e-05,2.7974879381690127e-05,0.0,0.0,0.0,0.0,-6.163849146827336,-0.0003654707357939299,-12.333043476127905,-1.4232499661091154e-07,0.002400383185336671,-0.006335230473933171,1,0.800826931517578,0.7926296652657938,0.10738312452475163,True,apply,305,0.09460147892670501,1,0.8011522359248883,0.7929872555052655,0.1074396934556387,True,apply,305,0.09469223959230773,1,0.6616074312762542,0.6212553459514318,0.0548982439578128,True,apply,305,0.06390262330668861,1,0.6617561331835055,0.621391270401321,0.05487819111659417,True,apply,305,0.0638822174750626,True,True,0.0,1.0,False,-0.10738312452475163,-0.1074396934556387,-0.0548982439578128,-0.05487819111659417,0.0,0.0,0.0,0.0,305,305,305,305,True,0.0,-0.0,-5.9849870012840256e-05,2.6306565180464405e-05,5.9849870012840256e-05,0.0,-1.7080836547565923,-1.7080836547565923,1.7080836547565923,1,1,1,1,1.0,False,305,0.0,2.6306565180464405e-05,94.2477863297939,94.2478343639162,1,12.025,0.0,23.999928481200588,0.2546477640197269,engaged,0.0,0.0,-0.0,-675.6791823954424,-0.0,0.0,769.9269912875744,-9.991656860402333e-06,-3.715939752602348e-05,-0.0020274310175463672,18.84950681085119,18.849559313853987,0.0,0.0,22.426822675190017,13.77390575530993
72,0.6,0,0.0,1,1,,,,-0.00015055503172334284,14.880667686462402,0.4194062352180481,0.0031678692903369665,21.92426109313965,-1.080751895904541,0.0007001428166404366,-0.8402121067047119,15.97912883758545,0.3299413323402405,0.57415372133255,-0.8187476396560669,-1.9032422642339952e-05,2.0807816326851025e-05,0.8397878408432007,15.97922134399414,0.3299413323402405,0.5737773180007935,-0.8190113306045532,-1.904198325064499e-05,2.0799063349841163e-05,-0.8400909900665283,13.778738021850586,0.3299413323402405,0.8221064209938049,-0.5693338513374329,-1.0651457159838174e-05,2.611023955978453e-05,0.8399089574813843,13.778831481933594,0.3299413323402405,0.8218153715133667,-0.5697540044784546,-1.0664800356607884e-05,2.6104791686520912e-05,asphalt,0.0,0.0,1,900.0004889064263,1,-10.217203140258789,-0.0019258888205513358,203.45398511855896,160.3454967295277,-0.0,8049.1865501176335,3722.8134498823665,-7.83672949182801e-05,0.001028174818076768,False,-0.0,True,0,0,-0.0008417846402153373,21.92426109313965,0.07472214102745056,False,True,-0.840215802192688,15.972905158996582,7.450580596923828e-09,0.0,0.0,1.0,4029.41943359375,4029.41943359375,0.3187396824359894,0.0812603235244751,0.0,asphalt,True,0.8397841453552246,15.972997665405273,0.0,0.0,0.0,1.0,4030.006591796875,4030.006591796875,0.31871917843818665,0.08128082752227783,0.0,asphalt,True,-0.8400946259498596,13.772514343261719,2.2351741790771484e-08,0.0,0.0,1.0,1882.00634765625,1882.00634765625,0.3602425158023834,0.039757490158081055,0.0,asphalt,True,0.839905321598053,13.77260684967041,3.725290298461914e-09,0.0,0.0,1.0,1882.782958984375,1882.782958984375,0.3602220118045807,0.03977799415588379,0.0,asphalt,312,60.28278691156573,39.598699891894,60.28746340662883,21.924744855584496,0.0004769069567089145,-0.09265445001222512,2.175199573700966e-05,-3989.736271129817,-0.8105498590593131,0.0,1356.2166529316612,1356.2166529316612,4001.470458984375,True,0.0,311,0.00013723708235470627,-0.09258001442241785,2.208155449561022e-05,True,312,compliant-rolling,-33.25358858231883,-0.006804131072275139,11.301805441097176,4268.441806835975,4295.264774669747,79111.14459894308,64920.963159195024,-0.02654465030486735,-5.512868803147583e-06,-0.09221333353637733,2.2828737886374075e-05,52.84638676495625,0.0011394652966495852,67.34131297941838,0.00035608290520300486,0.0,-0.008038725399714447,1.6380461412824506e-05,0.9999999984096037,5.505926301677401e-05,-1.2217623387764925e-05,0.32999999997537044,4.4981356738271735e-09,-7.079916244172547e-05,4.3971414655179946e-05,0.0,0.0,0.0,0.0,-13.948811831809735,-0.0007771425441316799,27.9331899238002,-1.590138074579075e-07,0.002854114339304715,0.007432382793873862,60.27752360216936,39.59962078631341,60.28220009723246,21.92461357256314,0.00047690695724417133,-0.09272823799622319,2.1752126010821208e-05,-3991.0956438252238,-0.810122044145934,0.0,1356.6211603285908,1356.6211603285908,4002.125732421875,True,0.0,311,0.00013723708235470627,-0.09265379262886417,2.2081689954033516e-05,True,312,compliant-rolling,-33.264969297990056,-0.00680105268720725,11.30517633607159,4269.070894641976,4295.82807751104,79122.80408937031,64929.99968503703,-0.026553876269375807,-5.510268437046976e-06,-0.09228822810064079,2.2830600238401185e-05,52.88312814692834,0.001134549838190456,67.4191930861108,0.00035454682443453113,0.0,-0.008014203418852749,1.641822141111231e-05,0.9999999984096037,5.505926301677401e-05,-1.2217623387764925e-05,0.32999999997537044,4.497739413123195e-09,-7.079292598775744e-05,4.396753854937794e-05,0.0,0.0,0.0,0.0,-13.953584684949941,-0.000777408458338343,-27.942398961764873,-1.5894185373437568e-07,0.002852822853003106,0.0074290257085585475,60.99013241775519,38.89164065334872,60.99480891281829,21.924744855443222,0.0003049581670636839,-0.0820078487088885,1.39093142955461e-05,-1965.6608309056999,-0.3296578195806575,-0.0,762.766603333354,762.766603333354,1896.5018310546875,True,0.0,311,0.00013723708235470627,-0.08193253975195179,1.421600769544287e-05,True,312,compliant-rolling,-16.313529126225912,-0.0028299560547001175,6.356388361111284,2179.8652644734225,2164.8643407152686,40401.543220710264,34415.85457657767,-0.012952078050120781,-2.4475902707296377e-06,-0.08089029282945404,1.592566480017009e-05,12.581724885533902,0.004022520989512891,28.59084958265965,0.0012570378092227985,0.0,-0.02284912338758281,3.748072102878819e-05,0.9999999984096037,5.505926301677401e-05,-1.2217623387764925e-05,0.32999999997537044,4.557342665636083e-09,-7.173004411023443e-05,4.455469011482049e-05,0.0,0.0,0.0,0.0,-6.843000273388105,-0.00038125015277839993,13.703450331112084,-6.613658944440692e-08,0.0011870754578086411,-0.003135741690206672,60.9911684381651,38.89266361182217,60.9958449332282,21.924613572561235,0.00030495816946079796,-0.08198675810270858,1.3909397692773375e-05,-1966.2586923076876,-0.32976382203723315,-0.0,762.9470211489904,762.9470211489904,1897.3218994140625,True,0.0,311,0.00013723708235470627,-0.08191143133405594,1.4216099510935676e-05,True,312,compliant-rolling,-16.318459273012547,-0.0028309647908910376,6.357891842908254,2180.7135841915456,2165.668323730849,40417.26594739219,34428.503693027036,-0.012955920247186519,-2.448438850740308e-06,-0.08086819598645885,1.592673776849928e-05,12.58919065847328,0.004030573037538809,28.59151561085543,0.0012595540742308749,0.0,-0.02287065522970974,3.7502005573813025e-05,0.9999999984096037,5.505926301677401e-05,-1.2217623387764925e-05,0.32999999997537044,4.557418446436768e-09,-7.173123711601222e-05,4.45554298411935e-05,0.0,0.0,0.0,0.0,-6.845069283900733,-0.00038136542539896474,-13.707418113861639,-6.616017319436195e-08,0.0011874987589042961,-0.0031368544180650597,1,0.8445436078838926,0.8272438472476342,0.09344238086425337,True,apply,311,0.08991631606710872,1,0.8447419137034692,0.8274905823504313,0.09351917528175976,True,apply,311,0.08998728265614556,1,0.7236351699992962,0.6978906852340013,0.07746621942204568,True,apply,311,0.09056020099646088,1,0.7238129054133614,0.6980557578950652,0.07744629684966753,True,apply,311,0.09053550994332027,True,True,0.0,1.0,False,-0.09344238086425337,-0.09351917528175976,-0.07746621942204568,-0.07744629684966753,0.0,0.0,0.0,0.0,311,311,311,311,True,0.0,-0.0,-7.795810233801603e-05,1.7945035861533312e-05,7.795810233801603e-05,0.0,-1.241155968475141,-1.241155968475141,1.241155968475141,1,1,1,1,1.0,False,311,0.0,1.7945035861533312e-05,94.24776981626447,94.24783080585503,1,12.025,0.0,23.999931109430612,0.25464776934562844,engaged,0.0,0.0,-0.0,-638.979216940912,-0.0,0.0,733.2270300715307,-1.2412818645040374e-05,2.9006938731818546e-05,0.0015191093578476047,18.849509413392106,18.84956078475745,0.0,0.0,21.92426110929986,14.880667688425056
78,0.65,0,0.0,1,1,,,,-0.00019418397278059274,15.961750030517578,0.4191362261772156,0.002942183520644903,21.4034423828125,-1.15250825881958,0.0005461997352540493,-0.8402511477470398,17.060134887695312,0.3299332559108734,0.7684125304222107,0.6399548649787903,2.003162808250636e-05,1.66059016919462e-05,0.8397487998008728,17.06022071838379,0.3299332559108734,0.7686358690261841,0.6396865248680115,2.0025830963277258e-05,1.661289388721343e-05,-0.8401386737823486,14.859689712524414,0.329933226108551,0.49080437421798706,0.8712697625160217,2.462560405547265e-05,8.402479579672217e-06,0.839861273765564,14.85977554321289,0.329933226108551,0.4912729263305664,0.871005654335022,2.462108022882603e-05,8.415723641519435e-06,asphalt,0.0,0.0,1,900.0003914874097,1,-10.53054428100586,-0.0012318231165409088,193.98606094688213,161.63491262370454,-0.0,8109.624263421383,3662.375736578617,-7.51023180782795e-05,0.0006080045456985984,True,-0.0,True,0,0,-0.0008899591630324721,21.4034423828125,0.07909218221902847,False,True,-0.8402539491653442,17.053497314453125,2.2351741790771484e-08,0.0,0.0,1.0,4175.7529296875,4175.7529296875,0.3170994818210602,0.0829005241394043,0.0,asphalt,True,0.8397459983825684,17.0535831451416,4.470348358154297e-08,0.0,0.0,1.0,4176.0078125,4176.0078125,0.3170834481716156,0.08291655778884888,0.0,asphalt,True,-0.8401414155960083,14.853052139282227,1.862645149230957e-08,0.0,0.0,1.0,1771.05908203125,1771.05908203125,0.3613586127758026,0.038641393184661865,0.0,asphalt,True,0.8398585319519043,14.85313892364502,-3.3527612686157227e-08,0.0,0.0,1.0,1771.5570068359375,1771.5570068359375,0.3613426387310028,0.03865736722946167,0.0,asphalt,318,58.77514873012671,42.573301522259506,58.766995596143445,21.40277864355832,0.000315195807653654,-0.09377191611059899,1.4726863875019944e-05,-4133.285744800952,-0.6012737181101949,0.0,1424.7964731073334,1424.7964731073334,4154.33349609375,True,0.0,317,4.6109535706744456e-05,-0.09368680196785444,1.5176175156330202e-05,True,318,compliant-rolling,-34.420789998066645,-0.005080029089493003,11.873303942561112,4414.92096113765,4435.402392511039,81825.98389653693,67023.08827278008,-0.027434680002220064,-4.195755654945839e-06,-0.09284179753088527,1.6488727550012717e-05,56.44962633214343,0.0037235963677372504,68.26668926136506,0.001163623864917882,0.0,-0.018083744467941868,2.8089630131680984e-05,0.9999999986459559,5.115903993700515e-05,-9.531053920397826e-06,0.3299999999850113,3.9990230504013355e-09,-6.69148910313397e-05,5.3291606814093645e-05,0.0,0.0,0.0,0.0,-14.428007357210392,-0.0007471877747713021,28.91360699139232,-1.1027450652251041e-07,0.0021293728901098635,0.0055468424948877035,58.771313385914766,42.573999824566,58.7631602519315,21.40265267863637,0.0003151957969056387,-0.09382571834985028,1.4726950047527188e-05,-4134.14925530047,-0.6011042404450277,0.0,1425.0439397036575,1425.0439397036575,4154.63623046875,True,0.0,317,4.6109535706744456e-05,-0.09374060008729528,1.5176267128833573e-05,True,318,compliant-rolling,-34.428101861362904,-0.005079118991803396,11.875366164197146,4415.210511584779,4435.646050113564,81831.35041395198,67027.23973765092,-0.027440857708466864,-4.19474728712156e-06,-0.09289854130130756,1.6489678753536003e-05,56.475051702917256,0.0036992853834174532,68.32326136642318,0.0011560266823179648,0.0,-0.0180205990304407,2.810785262320635e-05,0.9999999986459559,5.115903993700515e-05,-9.531053920397826e-06,0.3299999999850113,3.998759433438506e-09,-6.691048017901695e-05,5.328809277838993e-05,0.0,0.0,0.0,0.0,-14.43107121194533,-0.0007473464435843227,-28.91946246518843,-1.1025474277818905e-07,0.0021289912571949487,0.005545852501523648,57.46887902662462,41.846618588787486,57.460725892641356,21.402778643561252,0.00015020804094702093,-0.11391271228093393,7.0181560743162166e-06,-2012.7389470546207,-0.12651048603427992,-0.0,797.0594229908274,797.0594229908274,1791.387939453125,True,0.0,317,4.6109535706744456e-05,-0.11382948982618024,7.454205898540355e-06,True,318,compliant-rolling,-16.744808777204117,-0.0010917158271150896,6.6421618582568955,2070.820200324813,2049.6582540191907,38380.505983223295,32787.58886253455,-0.013402988406877417,-9.7349626703131e-07,-0.11372245226786405,8.366040157067896e-06,13.473007438693905,5.940282583644647e-05,40.324685848604055,1.8563383073890417e-05,0.0,-0.002290686023008255,1.9513954020416558e-05,0.9999999986459559,5.115903993700515e-05,-9.531053920397826e-06,0.3299999999850113,3.915974731425126e-09,-6.552482122389592e-05,5.218715749470912e-05,0.0,0.0,0.0,0.0,-7.018845502064336,-0.00036348716924725777,14.065708971129748,-2.36983712922848e-08,0.0004576095687106804,-0.0012102137320940782,57.46953789087147,41.847688874045446,57.46138475688821,21.402652677910353,0.00015020810774448693,-0.11389733840329593,7.018200500774856e-06,-2013.2515912631548,-0.12654732227588444,-0.0,797.262886240478,797.262886240478,1791.9310302734375,True,0.0,317,4.6109535706744456e-05,-0.11381410552748192,7.454249079738479e-06,True,318,compliant-rolling,-16.749051620333933,-0.0010922297185414359,6.643857385337316,2071.385216831623,2050.1768731979796,38390.97797853068,32796.037785467764,-0.013406472866506125,-9.739031926654774e-07,-0.11370753576964344,8.367219642945724e-06,13.480013675163928,5.979682793412166e-05,40.329196043603204,1.8686508729412004e-05,0.0,-0.0022806612872360485,1.9538156623937156e-05,0.9999999986459559,5.115903993700515e-05,-9.531053920397826e-06,0.3299999999850113,3.9160222295285386e-09,-6.552561579999745e-05,5.218779149931557e-05,0.0,0.0,0.0,0.0,-7.020623955363737,-0.00036357927057008185,-14.069131905866424,-2.3709526566874576e-08,0.0004578249742476652,-0.001210783641198423,1,0.886105600773989,0.8690750946099484,0.09308951793932822,True,apply,317,0.09468327052467607,1,0.8862217483793278,0.8692260404184707,0.09314597821939233,True,apply,317,0.09473036523412143,1,0.7344714760671006,0.7292667828564884,0.10801296413705685,True,hold,317,0.12492610223331053,1,0.7346613022318693,0.7294529408582913,0.10799499079897015,True,hold,317,0.12491388336594364,True,True,0.0,1.0,False,-0.09308951793932822,-0.09314597821939233,-0.10801296413705685,-0.10799499079897015,0.0,0.0,0.0,0.0,317,317,317,317,True,0.0,-0.0,-7.792071119183674e-05,1.0611681189532868e-05,7.792071119183674e-05,0.0,-0.7184256910659315,-0.7184256910659315,0.7184256910659315,1,1,1,1,1.0,False,317,0.0,1.0611681189532868e-05,94.2477545748223,94.24782060415947,1,12.025,0.0,23.99994213289449,0.2546477916838141,engaged,0.0,0.0,-0.0,-596.4503980166749,-0.0,0.0,690.6982090821363,-1.2059068121761583e-05,7.743072060024681e-05,0.0038751579541504624,18.84951735133661,18.849560998538777,0.0,0.0,21.403442401314834,15.961750033361007
84,0.7,0,0.0,1,1,,,,-0.00023932864132802933,17.016456604003906,0.4191022217273712,0.002745352452620864,20.872501373291016,-1.2519298791885376,0.00037863198667764664,-0.8402923345565796,18.114730834960938,0.32992124557495117,0.7314019799232483,-0.6819465756416321,-1.3872544514015317e-05,1.9722661818377674e-05,0.839707612991333,18.114810943603516,0.3299212157726288,0.7312198877334595,-0.6821418404579163,-1.3877807759854477e-05,1.9718958355952054e-05,-0.8401872515678406,15.914204597473145,0.3299212157726288,0.9472278356552124,-0.3205612003803253,-4.5277020035427995e-06,2.3683978724875487e-05,0.839812695980072,15.914284706115723,0.3299212157726288,0.9470583200454712,-0.3210615813732147,-4.540213467407739e-06,2.3681583115831017e-05,asphalt,0.0,0.0,1,900.0002242540003,1,-10.658636093139648,-0.0006800665869377553,184.538530124928,161.2569036299057,-0.0,8167.731961633814,3604.2680383661864,-6.132430280558765e-05,0.0002852377808540066,True,-0.0,True,0,0,-0.0009086116915568709,20.872501373291016,0.083439901471138,False,True,-0.8402941823005676,18.107519149780273,-1.4901161193847656e-08,0.0,0.0,1.0,4275.0849609375,4275.0849609375,0.3151686489582062,0.0848313570022583,0.0,asphalt,True,0.839705765247345,18.107601165771484,3.725290298461914e-08,0.0,0.0,1.0,4275.109375,4275.109375,0.31515756249427795,0.08484244346618652,0.0,asphalt,True,-0.8401890397071838,15.906994819641113,1.862645149230957e-08,0.0,0.0,1.0,1651.06640625,1651.06640625,0.36324700713157654,0.03675299882888794,0.0,asphalt,True,0.8398109078407288,15.907075881958008,-1.862645149230957e-08,0.0,0.0,1.0,1651.3330078125,1651.3330078125,0.3632359206676483,0.03676408529281616,0.0,asphalt,324,56.93053495455194,45.46128999281886,56.91904734605949,20.87152929772082,0.00018082222505520318,-0.09987062919037396,8.663582934980477e-06,-4289.044372984002,-0.36891243430815557,0.0,1482.9695506024248,1482.9695506024248,4262.31103515625,True,0.0,323,8.398130814239774e-05,-0.09977618530360886,9.11058857502265e-06,True,324,compliant-rolling,-35.71543553290978,-0.003134994172350085,12.35807958835354,4518.0635570169925,4530.24809550415,83737.62500263168,68500.95863271874,-0.02847799474352664,-2.6393022544738842e-06,-0.0989450539999784,1.0403533360769814e-05,60.82471436836854,0.003234037478962465,73.5611500381907,0.0010106367121757588,0.0,-0.017345161455005628,2.6982903862927077e-05,0.9999999988371382,4.777105635996202e-05,-6.606797334418553e-06,0.32999999999279783,2.926047859996718e-09,-5.325018102894114e-05,5.00983849705251e-05,0.0,0.0,0.0,0.0,-14.968082013031287,-0.0007227198053120741,30.00107357981598,-6.343818419371098e-08,0.0013138534972889407,0.0034209785883274656,56.92749074899102,45.46181997006457,56.916003140498574,20.871426345161368,0.00018082232932688182,-0.09991432132705118,8.66363066577277e-06,-4289.496999524313,-0.3689142270817643,0.0,1483.0991838716507,1483.0991838716507,4262.36767578125,True,0.0,323,8.398130814239774e-05,-0.09981987851634172,9.110636191352416e-06,True,324,compliant-rolling,-35.719283516807806,-0.003135449232661508,12.35915986559709,4518.1175923031,4530.271379615839,83738.62649065146,68501.73237804831,-0.028481310249778787,-2.6395054134774152e-06,-0.09899088498960402,1.040496168309402e-05,60.83887803833573,0.0032177185265559113,73.60327258796207,0.0010055370395487132,0.0,-0.01730046205749498,2.7011584939847975e-05,0.9999999988371382,4.777105635996202e-05,-6.606797334418553e-06,0.32999999999279783,2.925890428094723e-09,-5.3247316000181764e-05,5.0095689343414796e-05,0.0,0.0,0.0,0.0,-14.969694675391723,-0.0007227976712020495,-30.004088608289127,-6.344739256803905e-08,0.0013140442097907099,0.003421477978772491,53.56607406916724,44.61309153567516,53.5545864606748,20.871529298404234,4.597036088451747e-05,-0.1530661606195332,2.202539173205572e-06,-1937.4110801360443,-0.0325650668908163,-0.0,778.00661619629,778.00661619629,1669.747802734375,True,0.0,323,8.398130814239774e-05,-0.1529772981603278,2.6445195601723336e-06,True,324,compliant-rolling,-16.13886602357966,-0.00028288735672250066,6.483388468302416,1943.8265242460802,1924.242481325504,36026.80982756148,30885.27908768921,-0.012975552502612779,-2.674368841847887e-07,-0.15340480547068594,3.006316620801343e-06,12.627372211468742,0.0013972919134910438,51.23779526542036,0.0004366537229659579,0.0,0.008921795255872543,7.550465736902003e-06,0.9999999988371382,4.777105635996202e-05,-6.606797334418553e-06,0.32999999999279783,2.757640106994151e-09,-5.018527875097575e-05,4.7215704439505976e-05,0.0,0.0,0.0,0.0,-6.763682129465202,-0.0003265780497156625,13.556694768839508,-5.724367567874628e-09,0.00011855604703082076,-0.0003138037386156284,53.564777037945916,44.61414812549493,53.55328942945347,20.871426344475353,4.597041395748515e-05,-0.15308249036773225,2.2025525806758834e-06,-1937.7352287599565,-0.032571671945807026,-0.0,778.2060360020369,778.2060360020369,1670.0501708984375,True,0.0,323,8.398130814239774e-05,-0.15299362633281202,2.6445353380740153e-06,True,324,compliant-rolling,-16.141564497620017,-0.0002830985851430019,6.485050300016973,1944.1433213944836,1924.5221198171937,36032.681334343135,30890.032984385558,-0.01297784704101275,-2.675919200072704e-07,-0.1534220956419267,3.00713202508774e-06,12.63183854186466,0.0014032141476049776,51.25144843267812,0.0004385044211265492,0.0,0.008941827391955835,7.567116055283536e-06,0.9999999988371382,4.777105635996202e-05,-6.606797334418553e-06,0.32999999999279783,2.757579096421344e-09,-5.01841683081191e-05,4.721466074234495e-05,0.0,0.0,0.0,0.0,-6.7648135214921865,-0.000326632677918846,-13.558866046710301,-5.728642288294249e-09,0.00011864457977249097,-0.00031403779746823736,1,0.9177726658771472,0.9045585996452599,0.09868197466851361,True,apply,323,0.10207591664775816,1,0.9178238762261183,0.9046376713217019,0.09872694723696726,True,apply,323,0.10211658383176893,1,0.693451078462346,0.7118344826858165,0.14653023949670604,True,release,323,0.16654237338654249,1,0.6936250066916217,0.7120169411525005,0.14653954464470623,True,release,323,0.16657097332151358,True,True,0.0,1.0,False,-0.09868197466851361,-0.09872694723696726,-0.14653023949670604,-0.14653954464470623,0.0,0.0,0.0,0.0,323,323,323,323,True,0.0,-0.0,-6.52789167361334e-05,4.978338426984458e-06,6.52789167361334e-05,0.0,-0.31127024412580795,-0.31127024412580795,0.31127024412580795,1,1,1,1,1.0,False,323,0.0,4.978338426984458e-06,94.24774367895466,94.2478030915178,1,12.025,0.0,23.999964504401646,0.2546478370179321,engaged,0.0,0.0,-0.0,-549.4425489829651,-0.0,0.0,643.6903486288616,-9.94899556795105e-06,0.00010172645428348973,0.004706625814201251,18.849532373752453,18.84955925799477,0.0,0.0,20.87250139306764,17.016456607813648
90,0.75,0,0.0,1,1,,,,-0.00028475956059992313,18.04451560974121,0.4192286729812622,0.002592214848846197,20.338768005371094,-1.3486733436584473,0.00022930576233193278,-0.8403346538543701,19.14267921447754,0.3299085795879364,0.5457285642623901,0.8379620313644409,2.0008095816592686e-05,1.0643051609804388e-05,0.8396652936935425,19.14275550842285,0.3299085795879364,0.545893132686615,0.8378548622131348,2.000600579776801e-05,1.064698244590545e-05,-0.8402352929115295,16.94207000732422,0.3299086093902588,0.0488022156059742,0.9988084435462952,2.2644973796559498e-05,-8.964591984295112e-07,0.8397646546363831,16.94214630126953,0.329908549785614,0.049259427934885025,0.9987860321998596,2.2645381250185892e-05,-8.860930620357976e-07,asphalt,0.0,0.0,1,900.0000499103604,1,-10.670130729675293,-0.0003027853090316057,175.2623865672166,160.11574405899592,-0.0,8214.03556802623,3557.964431973771,-4.61730123788584e-05,6.17352966999877e-05,True,-0.0,True,0,0,-0.0009062935714609921,20.338768005371094,0.08472832292318344,False,True,-0.8403356671333313,19.134912490844727,7.450580596923828e-09,0.0,0.0,1.0,4316.15576171875,4316.15576171875,0.31345078349113464,0.08654922246932983,0.0,asphalt,True,0.8396643400192261,19.13498878479004,-2.2351741790771484e-08,0.0,0.0,1.0,4316.05712890625,4316.05712890625,0.313444048166275,0.08655595779418945,0.0,asphalt,True,-0.840236246585846,16.934303283691406,7.450580596923828e-09,0.0,0.0,1.0,1566.55615234375,1566.55615234375,0.36524561047554016,0.034754395484924316,0.0,asphalt,True,0.8397636413574219,16.93437957763672,-2.9802322387695312e-08,0.0,0.0,1.0,1566.6558837890625,1566.6558837890625,0.3652389347553253,0.03476107120513916,0.0,asphalt,330,55.058287164001875,48.25486849224823,55.05342014803698,20.3383725462372,8.216336151261184e-05,-0.10665247562609514,4.0398198688402875e-06,-4392.090054806389,-0.18262716771263068,0.0,1512.6123430248206,1512.6123430248206,4313.732421875,True,0.0,329,7.750713541224008e-05,-0.10655150216139957,4.43171261593129e-06,True,330,compliant-rolling,-36.58662221774489,-0.0015624955088130144,12.605102858540171,4567.090249337378,4569.399287054737,84646.28392803961,69202.7740330576,-0.02922053549601069,-1.3483419863771377e-06,-0.10610846038222345,5.396703707477163e-06,64.03797723687352,0.0008655808121621146,78.85662584153714,0.00027049400380066077,0.0,-0.009009730404785771,1.9624130243939976e-05,0.9999999989728031,4.514848474082885e-05,-4.001031807530285e-06,0.3299999999973587,1.943069516401354e-09,-3.882786532092112e-05,3.981001982905492e-05,0.0,0.0,0.0,0.0,-15.337238615413462,-0.0006983700293489096,30.732829117727242,-2.9825110059436996e-08,0.0006550035231881587,0.0017039549666377344,55.05567016083086,48.25526030381925,55.05080314486596,20.3382949499875,8.216338345229629e-05,-0.10669152956993919,4.039836360613888e-06,-4392.295157547632,-0.18265288812927732,0.0,1512.675447174107,1512.675447174107,4313.65087890625,True,0.0,329,7.750713541224008e-05,-0.10659056128054914,4.431733388643847e-06,True,330,compliant-rolling,-36.58835898646825,-0.0015629280038756293,12.605628726450892,4567.012550265729,4569.305309006058,84644.8438562826,69201.66210583878,-0.02922204105049139,-1.3486762992806066e-06,-0.10614853720729751,5.397929307967452e-06,64.04457637316487,0.00086149156690096,78.89002624165803,0.0002692161146565404,0.0,-0.008988999973922687,1.9648556762813654e-05,0.9999999989728031,4.514848474082885e-05,-4.001031807530285e-06,0.3299999999973587,1.9429770942860284e-09,-3.88260184729459e-05,3.980812626813974e-05,0.0,0.0,0.0,0.0,-15.337966674871137,-0.0006984031810079254,-30.73415323808323,-2.9833365579385624e-08,0.0006551848266147455,0.0017044292801286312,50.40520945668268,47.19799578928279,50.40034244071778,20.338372546234133,-1.947872277312712e-05,-0.18215092762414467,-9.577326174373701e-07,-1845.829949171912,0.0038077386958914033,-0.0,696.4184212720979,696.4184212720979,1576.5037841796875,True,0.0,329,7.750713541224008e-05,-0.1820584876138903,-5.647031681305334e-07,True,330,compliant-rolling,-15.381782952877469,2.9590583979667852e-05,5.80348684393415,1845.8534906029795,1835.367686560607,34210.981199202666,29412.981275488477,-0.012358891078330086,8.618088627234516e-09,-0.1824520597743304,-4.410300637613757e-07,11.455664151457594,0.0009752061134289524,56.94815633640597,0.0003047519104465546,0.0,0.008003712577601059,2.515025401806226e-06,0.9999999989728031,4.514848474082885e-05,-4.001031807530285e-06,0.3299999999973587,1.7800731710517795e-09,-3.5570756033535716e-05,3.647046088243224e-05,0.0,0.0,0.0,0.0,-6.448096631461104,-0.00029360940040618256,12.920725729048344,5.648287748276797e-10,-1.2404475181244818e-05,3.2847369362758206e-05,50.40115216500407,47.198911602274514,50.39628514903917,20.33829494998994,-1.947870083319407e-05,-0.1822136390874573,-9.577351927034447e-07,-1845.9629800172681,0.0038239166770526866,-0.0,696.5527712600838,696.5527712600838,1576.6287841796875,True,0.0,329,7.750713541224008e-05,-0.18212120682519523,-5.647057147667235e-07,True,330,compliant-rolling,-15.382894189139094,2.9584174558297704e-05,5.804606427167364,1845.9852109937233,1835.4728465066648,34213.42250011534,29414.963580071708,-0.012359892252277647,8.65498774866899e-09,-0.18251562358534082,-4.405087754116526e-07,11.457520236599095,0.0009793120849906011,56.971465985376355,0.0003060350265595714,0.0,0.008020857824379094,2.5256685147523386e-06,0.9999999989728031,4.514848474082885e-05,-4.001031807530285e-06,0.3299999999973587,1.7799339165400482e-09,-3.556797336321519e-05,3.6467607627703275e-05,0.0,0.0,0.0,0.0,-6.448562923992585,-0.0002936306326981916,-12.921602288003012,5.647064711359662e-10,-1.2401789211308358e-05,3.284026053488641e-05,1,0.925704381532512,0.9226396470897507,0.10576516475673411,True,hold,329,0.10877267856543456,1,0.9257359200779934,0.9226781383729243,0.10580430223185636,True,hold,329,0.10881069434220926,1,0.5982966449518454,0.6371856438223704,0.1791765285310323,True,release,329,0.19086691012436047,1,0.5983821151748109,0.6373085668826708,0.1792320452417755,True,release,329,0.19094562542518884,True,True,0.0,1.0,False,-0.10576516475673411,-0.10580430223185636,-0.1791765285310323,-0.1792320452417755,0.0,0.0,0.0,0.0,329,329,329,329,True,0.0,-0.0,-4.9642334488453344e-05,1.0774841921103755e-06,4.9642334488453344e-05,0.0,-0.04524988927232698,-0.04524988927232698,0.04524988927232698,1,1,1,1,1.0,False,329,0.0,1.0774841921103755e-06,94.24773864048746,94.24778483429452,1,12.025,0.0,23.999989151538486,0.25464788696345525,engaged,0.0,0.0,-0.0,-511.4821371109414,-0.0,0.0,605.7299222585082,-7.53618637329015e-06,9.014780360311529e-05,0.0038673502249653795,18.849548635489047,18.849556762894736,0.0,0.0,20.338768025563272,18.044515614554808
96,0.8,0,0.0,1,1,,,,-0.00032965734135359526,19.045907974243164,0.41934385895729065,0.0024750421289354563,19.805904388427734,-1.4141968488693237,0.00011475545761641115,-0.8403772115707397,20.143999099731445,0.32989951968193054,0.9358940720558167,-0.3522813618183136,-6.663206477242056e-06,2.054375181614887e-05,0.8396227359771729,20.144071578979492,0.32989951968193054,0.9358483552932739,-0.35240280628204346,-6.665872206212953e-06,2.0542885977192782e-05,-0.8402822613716125,17.943328857421875,0.32989954948425293,0.9611325263977051,0.27608737349510193,6.918551207490964e-06,2.0459172446862794e-05,0.8397176861763,17.943401336669922,0.32989948987960815,0.961225152015686,0.27576470375061035,6.911682703503175e-06,2.0461489839362912e-05,asphalt,0.0,0.0,1,899.9999135196139,1,-10.643614768981934,-6.0352031141519547e-05,166.23464566089126,159.03935185185185,-0.0,8246.412803068664,3525.5871969313357,-3.66131826012861e-05,-8.516096691429457e-05,True,-0.0,True,0,0,-0.0008905366412363946,19.805904388427734,0.08253927528858185,False,True,-0.8403774499893188,20.135854721069336,7.450580596923828e-09,0.0,0.0,1.0,4298.26318359375,4298.26318359375,0.3123171627521515,0.08768284320831299,0.0,asphalt,True,0.8396224975585938,20.13592529296875,7.450580596923828e-09,0.0,0.0,1.0,4298.12060546875,4298.12060546875,0.3123137652873993,0.08768624067306519,0.0,asphalt,True,-0.8402825593948364,17.935182571411133,4.0978193283081055e-08,0.0,0.0,1.0,1547.9727783203125,1547.9727783203125,0.36662939190864563,0.03337061405181885,0.0,asphalt,True,0.8397173881530762,17.935256958007812,-7.450580596923828e-09,0.0,0.0,1.0,1547.9730224609375,1547.9730224609375,0.3666260540485382,0.03337395191192627,0.0,asphalt,336,53.36429705973259,50.96081619792301,53.3735195640312,19.80675917598204,1.759215101519978e-05,-0.1108985638079115,8.88189272100993e-07,-4413.5602541547905,-0.059932466078979424,0.0,1516.9568061346915,1516.9568061346915,4304.4912109375,True,0.0,335,2.1540056447075855e-05,-0.11079523075291922,1.2355781268487934e-06,True,336,compliant-rolling,-36.773462879674696,-0.0005215696469174841,12.641306717789096,4558.283729108032,4552.347591187944,84483.06420365178,69076.73996902707,-0.029417283142608205,-4.792522034539177e-07,-0.11074636383670601,1.8392485106798343e-06,64.90324107915477,3.932803586868897e-06,80.65587379354403,1.229001120896855e-06,0.0,-0.000967782763559416,1.1955364439108232e-05,0.9999999990671119,4.314820287936763e-05,-2.002250429691897e-06,0.3299999999993386,1.351928492151237e-09,-2.9652865300696604e-05,2.7692782827749074e-05,0.0,0.0,0.0,0.0,-15.420314841153523,-0.0006700679339632892,30.88974367779755,-9.503785294072162e-09,0.00021871119925184572,0.0005685300331023298,53.361532946417,50.9610746214429,53.370755450715606,19.80669758909121,1.759208073725193e-05,-0.11094185221564325,8.881884856431778e-07,-4413.691575562836,-0.05992940055125198,0.0,1517.0100543199517,1517.0100543199517,4304.3525390625,True,0.0,335,2.1540056447075855e-05,-0.11083852733189299,1.2355845241008914e-06,True,336,compliant-rolling,-36.774556786702234,-0.0005214761383888906,12.641750452666264,4558.151565731492,4552.211685216293,84480.61469245653,69074.84841665377,-0.029418188016487667,-4.792188505168567e-07,-0.1107898829252726,1.83915895543754e-06,64.9072339802302,3.892499922052273e-06,80.68960871559668,1.2164062256405292e-06,0.0,-0.0009633730896854943,1.1953427026276536e-05,0.9999999990671119,4.314820287936763e-05,-2.002250429691897e-06,0.3299999999993386,1.3518588516611635e-09,-2.9651337826290974e-05,2.769135626338082e-05,0.0,0.0,0.0,0.0,-15.420773552121997,-0.0006700878665985238,-30.890590972560503,-9.502081427706144e-09,0.00021867198806969614,0.0005684288274036412,49.47707753372262,49.68135921146678,49.48630003802123,19.80675917570955,-6.308199261100575e-05,-0.17566344694495772,-3.1848719950184695e-06,-1813.5253082372262,0.024325413540564025,-0.0,591.2609230485137,591.2609230485137,1546.2318115234375,True,0.0,335,2.1540056447075855e-05,-0.17556764101928912,-2.832835845376426e-06,True,336,compliant-rolling,-15.113432273680734,0.00020083617077005302,4.927174358737615,1813.923031005428,1815.761061907687,33619.183226863635,28932.215747270362,-0.012096967617446905,1.4959286169957426e-07,-0.175619136213319,-2.7375803056091406e-06,10.975246916995278,1.351095955584539e-05,52.95338839044858,4.222174861201874e-06,0.0,0.0010198343798095335,1.886484285627887e-06,0.9999999990671119,4.314820287936763e-05,-2.002250429691897e-06,0.3299999999993386,1.2515802474094792e-09,-2.7451837710958224e-05,2.5637524009056536e-05,0.0,0.0,0.0,0.0,-6.33755564956835,-0.00027538950172083314,12.695296849115657,3.6595375553573883e-09,-8.421716428490947e-05,0.00022305348196515878,49.47183559734293,49.68202888573501,49.48105810164154,19.80669758909357,-6.308192208121953e-05,-0.17574821983044311,-3.184878337100572e-06,-1813.5467151032262,0.024311416453725927,-0.0,591.2665248827072,591.2665248827072,1546.2447509765625,True,0.0,335,2.1540056447075855e-05,-0.1756524266365795,-2.8328490845949673e-06,True,336,compliant-rolling,-15.113602126070802,0.00020071232721838729,4.927221040689227,1813.9366926348373,1815.7613196453806,33619.4364310043,28932.42154551482,-0.012097163790448465,1.4946573907860657e-07,-0.17570432690490384,-2.7373371792453112e-06,10.975602884645811,1.3766830628761868e-05,52.97937165738473,4.30213457148763e-06,0.0,0.0010278534640435213,1.8915555919349412e-06,0.9999999990671119,4.314820287936763e-05,-2.002250429691897e-06,0.3299999999993386,1.2514475807750461e-09,-2.744892783478944e-05,2.5634806458727718e-05,0.0,0.0,0.0,0.0,-6.337627324642119,-0.0002753926162596147,-12.695411276156968,3.6572811992237964e-09,-8.416523862153988e-05,0.00022291642609252891,1,0.925704381532512,0.9252896148286559,0.11019041604916835,True,hold,335,0.11221999089334873,1,0.9257359200779934,0.9253220943248621,0.11023267114500097,True,hold,335,0.11226503576576082,1,0.5031778755581157,0.5409721518157241,0.17988580704016538,True,release,335,0.1710482650416502,1,0.5031283481675486,0.540977277194689,0.17997023212291616,True,release,335,0.17113823491136312,True,True,0.0,1.0,False,-0.11019041604916835,-0.11023267114500097,-0.17988580704016538,-0.17997023212291616,0.0,0.0,0.0,0.0,335,335,335,335,True,0.0,-0.0,-3.8498194044223055e-05,-1.4863392668363957e-06,3.8498194044223055e-05,0.0,0.09842471012802889,0.09842471012802889,-0.09842471012802889,1,1,1,1,1.0,False,335,0.0,-1.4863392668363957e-06,94.24773907677313,94.24777055148893,1,12.025,0.0,24.000007635305487,0.25464790894703254,engaged,0.0,0.0,-0.0,-500.483833144036,-0.0,0.0,594.7316057935034,-5.940629822275815e-06,4.1336521011899136e-05,0.001687004145697529,18.849560518935156,18.849553122822737,0.0,0.0,19.80590440844842,19.04590798006327
102,0.85,0,0.0,1,1,,,,-0.0003734963829629123,20.02067756652832,0.4193029999732971,0.0023719563614577055,19.273609161376953,-1.434535264968872,3.6135366826783866e-05,-0.8404189944267273,21.11874771118164,0.32989659905433655,0.09974098950624466,0.9950133562088013,2.0619594579329714e-05,1.7501039337730617e-06,0.8395809531211853,21.118818283081055,0.32989659905433655,0.09979411959648132,0.995008111000061,2.061949999188073e-05,1.7512049907963956e-06,-0.8403279185295105,18.918058395385742,0.32989656925201416,0.5626969337463379,-0.8266632556915283,-1.692737714620307e-05,1.1903548511327244e-05,0.8396720290184021,18.918128967285156,0.32989662885665894,0.5625108480453491,-0.8267898559570312,-1.693005469860509e-05,1.1899737728526816e-05,asphalt,0.0,0.0,1,899.9998231549226,1,-10.635100364685059,0.00011528312461450696,157.45707967654016,158.6691042569232,-0.0,8268.739600252382,3503.260399747618,-3.547563392203301e-05,-0.00018827897025046255,True,-0.0,True,0,0,-0.0008658916922286153,19.273609161376953,0.0786559134721756,False,True,-0.8404188752174377,21.11048698425293,-2.2351741790771484e-08,0.0,0.0,1.0,4248.0029296875,4248.0029296875,0.3118881285190582,0.08811187744140625,0.0,asphalt,True,0.8395810723304749,21.110557556152344,-7.450580596923828e-09,0.0,0.0,1.0,4247.85205078125,4247.85205078125,0.31188705563545227,0.08811295032501221,0.0,asphalt,True,-0.8403277397155762,18.9097957611084,-2.2351741790771484e-08,0.0,0.0,1.0,1594.4609375,1594.4609375,0.3669818341732025,0.03301817178726196,0.0,asphalt,True,0.8396721482276917,18.909866333007812,3.725290298461914e-08,0.0,0.0,1.0,1594.31298828125,1594.31298828125,0.3669807016849518,0.033019304275512695,0.0,asphalt,342,51.60316015847641,53.58184901280188,51.6272721234194,19.27579232142569,-2.1730553205047713e-05,-0.11655808651945886,-1.1273494154055742e-06,-4400.527876652871,0.013069537607040391,0.0,1517.5447652801768,1517.5447652801768,4256.966796875,True,0.0,341,4.274268199816824e-05,-0.11645651378505004,-7.463774973123062e-07,True,342,compliant-rolling,-36.66323219367867,0.00010063116060374984,12.646206377334806,4512.964818280551,4504.411288629221,83643.12516505516,68427.94615144403,-0.0293428007021066,4.557270860733195e-08,-0.11650280662900794,-4.229486121755365e-07,64.57499647842184,4.9518335398693704e-05,82.28489793591083,1.5474479812092575e-05,0.0,0.0008922286631193576,6.2336313159406e-06,0.999999999143539,4.1382662560030967e-05,-6.304835353381802e-07,0.32999999999993446,1.161139066993647e-09,-2.7516354958514735e-05,1.743719250877202e-05,0.0,0.0,0.0,0.0,-15.373763718202369,-0.000640752231845144,30.797127065870228,1.758700389790979e-09,-4.21970348287314e-05,-0.00010967250165127226,51.6000054419261,53.58195943737534,51.62411740686909,19.27573258231923,-2.1730516458529883e-05,-0.116609357226129,-1.1273510029109407e-06,-4400.6328673053995,0.013058467904171058,0.0,1517.5966796057542,1517.5966796057542,4256.81201171875,True,0.0,341,4.274268199816824e-05,-0.1165077965598007,-7.463787885729586e-07,True,342,compliant-rolling,-36.66410681715256,0.00010076487494236637,12.646638996714618,4512.817133992402,4504.267301047282,83640.38798985085,68425.8312863846,-0.029343520227454768,4.5653141194024266e-08,-0.11655424199182401,-4.241492338738415e-07,64.57816345058484,4.967479196313032e-05,82.3227445497267,1.5523372488478372e-05,0.0,0.0008951668128160796,6.2104967250674195e-06,0.999999999143539,4.1382662560030967e-05,-6.304835353381802e-07,0.32999999999993446,1.1610686349222293e-09,-2.7514685880773232e-05,1.743613469843043e-05,0.0,0.0,0.0,0.0,-15.374130468590302,-0.0006407675173753437,-30.797835834174645,1.7610372748873507e-09,-4.2253104425562534e-05,-0.00010981828539265284,50.877581583093004,52.18675219920052,50.90169354803599,19.275792321423378,-9.998397580668437e-05,-0.1289799328374603,-5.187022880230149e-06,-1823.64829322197,0.055599098328020985,-0.0,533.1072565170965,533.1072565170965,1580.1771240234375,True,0.0,341,4.274268199816824e-05,-0.12887978829181646,-4.796943343420611e-06,True,342,compliant-rolling,-15.219183288216897,0.0004555472453623377,4.442560470975804,1849.7238854455636,1864.7654194570453,34282.7149558996,29471.22487815625,-0.012167324057756963,3.419946578718156e-07,-0.12895503719291287,-4.573845171810469e-06,11.103283113257378,4.5040569991968015e-05,38.53797606835874,1.4075178122489384e-05,0.0,0.0014503154415744155,4.299899647248639e-06,0.999999999143539,4.1382662560030967e-05,-6.304835353381802e-07,0.32999999999993446,1.1413485676866286e-09,-2.7047351622363574e-05,1.714067895468045e-05,0.0,0.0,0.0,0.0,-6.381764433419744,-0.00026598104919371024,12.784118792090634,7.961461005111217e-09,-0.00019102176201836886,0.0005060414604382666,50.87422363179466,52.1871998795481,50.89833559673765,19.275732581600444,-9.998393961550681e-05,-0.12903472138255961,-5.18703707842727e-06,-1823.6619857832886,0.055564632743196674,-0.0,533.0089196689754,533.0089196689754,1580.1234130859375,True,0.0,341,4.274268199816824e-05,-0.12893458925414564,-4.796957124612805e-06,True,342,compliant-rolling,-15.219270086980789,0.00045535758779296115,4.441740997241462,1849.6672996905813,1864.6096911638945,34281.66619758282,29470.373396724535,-0.012167394907496321,3.4184063227903246e-07,-0.12900967935621233,-4.574447763541583e-06,11.103412421386682,4.496490565519243e-05,38.55473917491903,1.4051533017249703e-05,0.0,0.0014472503411595355,4.288537901341803e-06,0.999999999143539,4.1382662560030967e-05,-6.304835353381802e-07,0.32999999999993446,1.141270444108247e-09,-2.7045500261234357e-05,1.7139506256680576e-05,0.0,0.0,0.0,0.0,-6.381801283769229,-0.00026598258505338064,-12.784180360183736,7.958146982912953e-09,-0.00019094224767304027,0.000505830529131802,1,0.925704381532512,0.9256482489631684,0.1154124633745199,True,hold,341,0.11859707843135014,1,0.9257359200779934,0.9256799148524828,0.11546216056788336,True,hold,341,0.11865107455904741,1,0.47803214595312427,0.4877646542573347,0.13844859172851454,True,hold,341,0.11130847494942978,1,0.477923407937276,0.48767468129572494,0.13851121572561823,True,hold,341,0.1113497217926897,True,True,0.0,1.0,False,-0.1154124633745199,-0.11546216056788336,-0.13844859172851454,-0.13851121572561823,0.0,0.0,0.0,0.0,341,341,341,341,True,0.0,-0.0,-3.5712739190785214e-05,-3.2860879431350244e-06,3.5712739190785214e-05,0.0,0.17240180447765852,0.17240180447765852,-0.17240180447765852,1,1,1,1,1.0,False,341,0.0,-3.2860879431350244e-06,94.24774334711476,94.24776108852059,1,12.025,0.0,24.000017685905977,0.25464790894703254,engaged,0.0,0.0,-0.0,-517.5264648245629,-0.0,0.0,611.7742300590716,-5.662300401534705e-06,-1.9644989833696328e-05,-0.0007774879421714577,18.849566835277336,18.849549968064622,0.0,0.0,19.273609180827602,20.02067757333423
108,0.9,0,0.0,1,1,,,,-0.000415882037486881,20.96888542175293,0.41910985112190247,0.0022634342312812805,18.74420166015625,-1.418787956237793,-1.2820224583265372e-05,-0.8404592275619507,22.066980361938477,0.3298988938331604,0.9788564443588257,0.20454852283000946,3.931369519705186e-06,1.9360146325198002e-05,0.8395407199859619,22.067047119140625,0.3298988938331604,0.9788506031036377,0.2045765221118927,3.931923401978565e-06,1.9360033547854982e-05,-0.8403722643852234,19.86630630493164,0.3298989236354828,0.642388641834259,0.7663791179656982,1.5067940694279969e-05,1.277607589145191e-05,0.8396276831626892,19.86637306213379,0.329898864030838,0.6425245404243469,0.7662652134895325,1.5065676961967256e-05,1.2778747986885719e-05,asphalt,0.0,0.0,1,899.9998193414879,1,-10.508943557739258,0.00028732119244523346,148.94741761030664,160.04251016713386,-0.0,8282.106245281784,3489.893754718216,-3.91972680517938e-05,-0.0002720293885934112,True,-0.0,True,0,0,-0.0008337197941727936,18.74420166015625,0.0776495635509491,False,True,-0.8404587507247925,22.058809280395508,1.4901161193847656e-08,0.0,0.0,1.0,4211.0986328125,4211.0986328125,0.311993807554245,0.08800619840621948,0.0,asphalt,True,0.8395411968231201,22.05887794494629,2.2351741790771484e-08,0.0,0.0,1.0,4211.01025390625,4211.01025390625,0.31199416518211365,0.08800584077835083,0.0,asphalt,True,-0.84037184715271,19.858135223388672,1.862645149230957e-08,0.0,0.0,1.0,1682.57275390625,1682.57275390625,0.3664824664592743,0.033517539501190186,0.0,asphalt,True,0.8396281599998474,19.85820198059082,-1.4901161193847656e-08,0.0,0.0,1.0,1682.4171142578125,1682.4171142578125,0.3664828836917877,0.03351712226867676,0.0,asphalt,348,49.73045383069405,56.11190044730915,49.76276650282258,18.747114033857113,-4.5326325362400155e-05,-0.12460927401996763,-2.417776159063892e-06,-4395.859754261583,0.05448623360579758,0.0,1517.6243368976625,1517.6243368976625,4216.13916015625,True,0.0,347,0.00013707937209139008,-0.12451097160487355,-2.020967084470094e-06,True,348,compliant-rolling,-36.623571939097516,0.0004547127964397387,12.646869474147188,4473.991500083132,4469.177294043403,82920.7951085744,67869.70757745006,-0.029298732394060556,3.4621250156375855e-07,-0.12445496228796885,-1.8846983654827195e-06,64.38117900139774,5.121489075141355e-06,85.34789886371023,1.6004653359813022e-06,0.0,-0.0010498951524988605,2.5543583712338e-06,0.9999999992194581,3.950991955761492e-05,2.2368652690422904e-07,0.3299999999999918,1.164855703998849e-09,-2.9267273694732425e-05,1.0932548743461142e-05,0.0,0.0,0.0,0.0,-15.35058333654467,-0.0006115147926486549,30.763800694968815,7.592476285271613e-09,-0.00019059054882874116,-0.0004956036652613804,49.72710510793539,56.11184655469709,49.75941778006391,18.747048075950598,-4.5326235538410004e-05,-0.12466514092586392,-2.4177798741801834e-06,-4395.986864411903,0.05442413881729824,0.0,1517.6760707049618,1517.6760707049618,4216.05712890625,True,0.0,347,0.00013707937209139008,-0.12456684932643529,-2.0209745362230036e-06,True,348,compliant-rolling,-36.62464249686896,0.00045434608941177524,12.647300589208015,4473.913156671659,4469.09287824007,82919.34309464663,67868.58514573394,-0.029299634099387593,3.459241579325757e-07,-0.12451127436455911,-1.8857105826212903e-06,64.38514188582448,5.0821923435112234e-06,85.38866151774968,1.5881851073475128e-06,0.0,-0.0010417495037646194,2.5355151274118855e-06,0.9999999992194581,3.950991955761492e-05,2.2368652690422904e-07,0.3299999999999918,1.1647776523620575e-09,-2.9265312628602654e-05,1.0931816043356872e-05,0.0,0.0,0.0,0.0,-15.351032055372926,-0.0006115326680736601,-30.764699741771764,7.586353267764179e-09,-0.00019043684544879202,-0.0004952039049947024,52.31030438422175,54.77753475450478,52.34261705635028,18.747114033858875,-0.0001317262409841366,-0.07919691448959058,-7.026481022308821e-06,-1749.317191253271,0.1165263174864079,-0.0,562.6393951638487,562.6393951638487,1671.5386962890625,True,0.0,347,0.00013707937209139008,-0.07909351247190843,-6.622883418851436e-06,True,348,compliant-rolling,-14.647806544380462,0.0009591816006693964,4.6886616263654055,1945.7027954986195,1957.2584568245547,36061.584570449806,30913.43401602744,-0.011791605337928139,7.273666673763685e-07,-0.08012971412856164,-6.226974440723728e-06,10.428146773088825,0.0024753255721416444,22.37859236104118,0.0007735392412942675,0.0,0.01942360943594996,7.421317379952621e-06,0.9999999992194581,3.950991955761492e-05,2.2368652690422904e-07,0.3299999999999918,1.2229824256616388e-09,-3.072772355952372e-05,1.147904016850439e-05,0.0,0.0,0.0,0.0,-6.139553384661951,-0.0002445788301763652,12.304156570321174,1.6015743593255987e-08,-0.0004020360744834194,0.0010654119881106229,52.30986942572761,54.77789128643287,52.34218209785614,18.74704807787601,-0.00013172622533019686,-0.07920133138926422,-7.026504907910453e-06,-1749.2190699595326,0.11641824753203482,-0.0,562.5075016536091,562.5075016536091,1671.3927001953125,True,0.0,347,0.00013707937209139008,-0.07909793453845616,-6.622907062084884e-06,True,348,compliant-rolling,-14.647071329990261,0.0009584574759654588,4.687562513780076,1945.5498468267992,1957.0955125573669,36058.749825350744,30911.1389571942,-0.011791110603762875,7.267952377969866e-07,-0.0801354154417947,-6.228189308984285e-06,10.427271734880048,0.0024815390555073197,22.379483740452187,0.0007754809548460222,0.0,0.01944752060489848,7.398961862486837e-06,0.9999999992194581,3.950991955761492e-05,2.2368652690422904e-07,0.3299999999999918,1.2229695613159071e-09,-3.0727400342487804e-05,1.1478920540607482e-05,0.0,0.0,0.0,0.0,-6.139244786784387,-0.00024456653669129215,-12.30354009526121,1.6003651527441934e-08,-0.0004017325327437575,0.0010646078270878136,1,0.925704381532512,0.9256967848153411,0.12321580350737286,True,hold,347,0.1273516423090015,1,0.9257359200779934,0.9257283405949361,0.12327069570720507,True,hold,347,0.12740822157702678,1,0.5394132851325943,0.5147849831319067,0.0848885701418321,True,apply,347,0.06346695549614884,1,0.5392895836578804,0.5146643076174875,0.08490137275794585,True,apply,347,0.06345250380339947,True,True,0.0,1.0,False,-0.12321580350737286,-0.12327069570720507,-0.0848885701418321,-0.08490137275794585,0.0,0.0,0.0,0.0,347,347,347,347,True,0.0,-0.0,-3.896059934049845e-05,-4.747808493142132e-06,3.896059934049845e-05,0.0,0.19502540936719015,0.19502540936719015,-0.19502540936719015,1,1,1,1,1.0,False,347,0.0,-4.747808493142132e-06,94.24774968941776,94.24776068917865,1,12.025,0.0,24.00002075553088,0.25464790894703254,engaged,0.0,0.0,-0.0,-534.8854875927799,-0.0,0.0,629.1332515932583,-6.206079887920435e-06,-5.6343043098633304e-05,-0.0022598497416134525,18.84956891904813,18.849549313852133,0.0,0.0,18.74420167869768,20.968885429506184
114,0.95,0,0.0,1,1,,,,-0.0004564693372230977,21.890857696533203,0.41893133521080017,0.0021488266065716743,18.221860885620117,-1.3905075788497925,-5.224267442827113e-05,-0.8404975533485413,22.988988876342773,0.32990285754203796,0.5300066471099854,-0.8479934930801392,-1.615255678188987e-05,9.558082638250198e-06,0.8395023941993713,22.989051818847656,0.32990285754203796,0.5301069617271423,-0.8479307889938354,-1.6151425370480865e-05,9.55999166762922e-06,-0.8404150009155273,20.788341522216797,0.32990291714668274,0.911430299282074,-0.41145452857017517,-8.135568350553513e-06,1.691373654466588e-05,0.8395849466323853,20.78840446472168,0.32990285754203796,0.9113525748252869,-0.41162654757499695,-8.138761586451437e-06,1.6912201317609288e-05,asphalt,0.0,0.0,1,899.9998403499674,1,-10.45914363861084,0.000408966006943956,140.79279827318533,160.50262772627846,-0.0,8281.696195936145,3490.303804063855,-3.927054058294743e-05,-0.0003411045185298322,True,-0.0,True,0,0,-0.0007954034954309464,18.221860885620117,0.0790325328707695,False,True,-0.8404970169067383,22.980979919433594,-7.450580596923828e-09,0.0,0.0,1.0,4187.47119140625,4187.47119140625,0.31235286593437195,0.08764714002609253,0.0,asphalt,True,0.8395029306411743,22.98104476928711,-2.9802322387695312e-08,0.0,0.0,1.0,4187.337890625,4187.337890625,0.3123544156551361,0.08764559030532837,0.0,asphalt,True,-0.8404144048690796,20.780330657958984,2.60770320892334e-08,0.0,0.0,1.0,1716.5732421875,1716.5732421875,0.36575499176979065,0.03424501419067383,0.0,asphalt,True,0.839585542678833,20.7803955078125,-7.450580596923828e-09,0.0,0.0,1.0,1716.38623046875,1716.38623046875,0.3657565414905548,0.03424346446990967,0.0,asphalt,354,47.87871689830009,58.548775094994085,47.911453389385024,18.224805255898264,-6.520197999510717e-05,-0.13305100633001407,-3.577650300198794e-06,-4397.722743074814,0.08305022597977454,0.0,1515.7649951404042,1515.7649951404042,4190.177734375,True,0.0,353,4.858745178748382e-05,-0.13295340054465163,-3.1562499362049695e-06,True,354,compliant-rolling,-36.64181126926535,0.0006947082252586321,12.631374959503368,4449.1895824747035,4446.603038110403,82461.11727318513,67514.31405987544,-0.029312670962990846,5.426582035661294e-07,-0.1329082866918048,-3.065621731629051e-06,64.44245094592834,2.8394398385744202e-06,88.67651619556935,8.87324949553666e-07,0.0,-0.0008220986261870936,1.6514954448551257e-06,0.999999999295476,3.752622066797901e-05,9.11538165195355e-07,0.329999999999863,1.0681723241429066e-09,-2.8398853164051784e-05,8.470068261784526e-06,0.0,0.0,0.0,0.0,-15.351308185756054,-0.0005811014229312963,30.779106740715022,1.1017357609679118e-08,-0.000291052207729433,-0.0007573177641271287,47.87477879713955,58.54853931598518,47.90751528822448,18.224739150083828,-6.520190868849302e-05,-0.13311916988524775,-3.577659364628817e-06,-4397.785764740922,0.08300942972396887,0.0,1515.808128813285,1515.808128813285,4190.05322265625,True,0.0,353,4.858745178748382e-05,-0.13302157773436668,-3.1562586773456886e-06,True,354,compliant-rolling,-36.64234085604821,0.0006944374235933984,12.631734406777376,4449.070594835003,4446.47564309854,82458.91196061537,67512.60878836458,-0.029313131828765236,5.424162678687099e-07,-0.132976798915729,-3.065877413410561e-06,64.44447734285887,2.803610189835419e-06,88.72294941527147,8.761281843233731e-07,0.0,-0.000815990426136033,1.6469895436623719e-06,0.999999999295476,3.752622066797901e-05,9.11538165195355e-07,0.329999999999863,1.0680851819845856e-09,-2.839653635804759e-05,8.46937679799241e-06,0.0,0.0,0.0,0.0,-15.351528967311129,-0.0005811097802956498,-30.779576984585958,1.1013062190507615e-08,-0.00029093873304001294,-0.0007570234290135799,51.171019303537825,57.372498282190875,51.20375579462276,18.22480525492146,-0.00015179594646956996,-0.073436663165417,-8.329084692143336e-06,-1732.332665681401,0.15848469285861533,-0.0,642.6820364665191,642.6820364665191,1714.4678955078125,True,0.0,353,4.858745178748382e-05,-0.07333234572607386,-7.898592517851084e-06,True,354,compliant-rolling,-14.4116643295211,0.0013253531743832223,5.355683637220992,1990.6189438715119,1992.8188201190476,36894.05882441871,31586.989429969843,-0.011495373731150324,1.0432897595913214e-06,-0.07289187409553213,-7.789320946764073e-06,9.910771373045584,0.000483086133705225,19.08001898943272,0.00015096441678288665,0.0,-0.008026606008852608,1.9912289199170983e-06,0.999999999295476,3.752622066797901e-05,9.11538165195355e-07,0.329999999999863,1.1416768592896012e-09,-3.035307314947122e-05,9.052887141725177e-06,0.0,0.0,0.0,0.0,-6.037853832234465,-0.0002285541669092502,12.10579274600834,2.1018737579891544e-08,-0.0005552647189139583,0.0014718413691407182,51.1717833463293,57.37287622141308,51.20451983741423,18.224739149107027,-0.00015179587516295603,-0.07341946756428229,-8.329110991247491e-06,-1732.018841538335,0.15852451763445685,-0.0,642.5712860683975,642.5712860683975,1714.281982421875,True,0.0,353,4.858745178748382e-05,-0.07331515458883085,-7.898622496627234e-06,True,354,compliant-rolling,-14.409063218316476,0.0013257130020049236,5.354760717236646,1990.424670355783,1992.6234225418643,36890.4581661715,31584.07796683384,-0.011493382428733977,1.0434604299546063e-06,-0.0728755115803818,-7.788569952363887e-06,9.907338055645546,0.00048080886519750034,19.0722880106387,0.00015025277037421418,0.0,-0.008011477228238268,2.0054531412658954e-06,0.999999999295476,3.752622066797901e-05,9.11538165195355e-07,0.329999999999863,1.141693691980257e-09,-3.0353520673039425e-05,9.053020756321029e-06,0.0,0.0,0.0,0.0,-6.036764510405429,-0.0002285129322172472,-12.103617654422699,2.1024445571283267e-08,-0.0005554155103791279,0.0014722418313023585,1,0.9216803009392908,0.9245626525767362,0.13177797395256288,True,release,353,0.1360963223728851,1,0.9216933863923956,0.9245889625806893,0.13184393475284165,True,release,353,0.1361701347423913,1,0.6190388152049997,0.5880197230150409,0.07184428320902743,True,apply,353,0.07435036668602077,1,0.6189495376310994,0.5879183923184723,0.07182778392561374,True,apply,353,0.07432882637819181,True,True,0.0,1.0,False,-0.13177797395256288,-0.13184393475284165,-0.07184428320902743,-0.07182778392561374,0.0,0.0,0.0,0.0,353,353,353,353,True,0.0,-0.0,-3.9890295738587156e-05,-5.953396941775579e-06,3.9890295738587156e-05,0.0,0.26332655542523753,0.26332655542523753,-0.26332655542523753,1,1,1,1,1.0,False,353,0.0,-5.953396941775579e-06,94.24775547552045,94.24776288918147,1,12.025,0.0,24.00001833636957,0.25464790894703254,engaged,0.0,0.0,-0.0,-521.2043935397073,-0.0,0.0,615.4521607467582,-6.2406232136694926e-06,-5.9537754912498394e-05,-0.0024371968472411756,18.849567614096074,18.84955050395595,0.0,0.0,18.221860902980218,21.890857705179858
120,1.0,0,0.0,1,1,,,,-0.0004950440488755703,22.78657341003418,0.41882067918777466,0.0020395098254084587,17.69334602355957,-1.369159460067749,-8.268855162896216e-05,-0.8405340313911438,23.88473129272461,0.32990580797195435,0.5794756412506104,0.8149895668029785,1.4101275155553594e-05,1.0911468962149229e-05,0.8394659161567688,23.88479232788086,0.32990580797195435,0.5793062448501587,0.8151098489761353,1.410354070685571e-05,1.0908535841736011e-05,-0.8404555916786194,21.684104919433594,0.32990580797195435,0.10007604956626892,0.9949797987937927,1.7653690520091914e-05,2.5006531814142363e-06,0.8395443558692932,21.68416404724121,0.3299058675765991,0.1002810075879097,0.9949591159820557,1.7653173927101307e-05,2.5042895686056e-06,asphalt,0.0,0.0,1,899.9998502564027,1,-10.643243789672852,0.0004525640979409218,132.80473409247963,160.26118318361364,-0.0,8287.36519837365,3484.634801626349,-3.686843047034927e-05,-0.00039329621723674347,True,-0.0,True,0,0,-0.0007542413077317178,17.69334602355957,0.08006370067596436,False,True,-0.8405332565307617,23.876846313476562,1.4901161193847656e-08,0.0,0.0,1.0,4182.390625,4182.390625,0.31264808773994446,0.08735191822052002,0.0,asphalt,True,0.8394666910171509,23.876907348632812,1.4901161193847656e-08,0.0,0.0,1.0,4182.23486328125,4182.23486328125,0.3126504719257355,0.087349534034729,0.0,asphalt,True,-0.8404548764228821,21.676218032836914,1.1175870895385742e-08,0.0,0.0,1.0,1711.4146728515625,1711.4146728515625,0.365229994058609,0.03477001190185547,0.0,asphalt,True,0.8395451307296753,21.676279067993164,1.862645149230957e-08,0.0,0.0,1.0,1711.218505859375,1711.218505859375,0.3652324378490448,0.03476756811141968,0.0,asphalt,360,46.47188452283615,60.90253667194755,46.500516355102704,17.69592017652035,-8.177829151970151e-05,-0.13337527862111323,-4.621307663199456e-06,-4391.121326649427,0.1105476725701222,0.0,1491.0419682843867,1491.0419682843867,4181.95458984375,True,0.0,359,7.082680437581386e-05,-0.13327483460785186,-4.208165403414851e-06,True,360,compliant-rolling,-36.597008163492866,0.0009227601512185343,12.425349735703222,4441.3305054858,4441.7472746049725,82315.45742722269,67401.67624166077,-0.029283573180597426,7.242363701115121e-07,-0.1333547860535899,-4.100093109625446e-06,64.31457440609424,1.4948310126755558e-05,86.5950645568746,4.671346914610694e-06,0.0,0.0014146504401875203,1.9122170533953844e-06,0.9999999993641879,3.5630643024143e-05,1.4427752999336942e-06,0.32999999999965657,9.231062420896529e-10,-2.5896045431140015e-05,5.512037647884688e-06,0.0,0.0,0.0,0.0,-15.32812914329406,-0.0005508614006829556,30.74146546619872,1.3889467333609048e-08,-0.00038648478320893736,-0.0010060724058163226,46.468778808090626,60.902116127287215,46.49741064035718,17.695858099462836,-8.177824807766552e-05,-0.13343015521132387,-4.621321419816639e-06,-4391.116653410771,0.11052990843965348,0.0,1490.978324728918,1490.978324728918,4181.7978515625,True,0.0,359,7.082680437581386e-05,-0.13332972398641,-4.208182704803644e-06,True,360,compliant-rolling,-36.59698733621492,0.0009226018865234054,12.424819372740984,4441.180691560389,4441.598395653651,82312.6807813991,67399.52897188447,-0.029283605296081535,7.241023202629602e-07,-0.13341021208958423,-4.0999775938878295e-06,64.3147154745764,1.517731176370936e-05,86.631486933927,4.742909926161442e-06,0.0,0.001424141001460017,1.9145604002094393e-06,0.9999999993641879,3.5630643024143e-05,1.4427752999336942e-06,0.32999999999965657,9.230431790437853e-10,-2.5894276354556867e-05,5.511662163822504e-06,0.0,0.0,0.0,0.0,-15.32812260143945,-0.0005508611655821705,-30.741488872017666,1.3887087095709454e-08,-0.0003864185513149047,-0.0010058987007028316,48.691435818398865,59.86685174272482,48.72006765066542,17.695920176521447,-0.00016309289426039847,-0.09198427322396056,-9.216412180258852e-06,-1854.1194634802052,0.15608960080214432,-0.0,707.1729555005576,707.1729555005576,1713.832275390625,True,0.0,359,7.082680437581386e-05,-0.09187903187917093,-8.793586965411041e-06,True,360,compliant-rolling,-15.412480120073784,0.0013150026959200146,5.893107962504646,1989.954731484367,1987.4281521555477,36881.74833628704,31577.035203549745,-0.012258188014848164,1.0588712035130252e-06,-0.09100916780960189,-8.948503883853096e-06,11.269738089643154,0.0020228850745299433,24.605576979556382,0.0006321515857905956,0.0,-0.015391261252980537,-2.7410797248094743e-06,0.9999999993641879,3.5630643024143e-05,1.4427752999336942e-06,0.32999999999965657,9.68382602777042e-10,-2.7166154827257315e-05,5.781458701293656e-06,0.0,0.0,0.0,0.0,-6.455294592211721,-0.0002319899961465661,12.946474150746013,1.9793535367606223e-08,-0.0005507698777603139,0.0014601082081381936,48.69206747555342,59.86726571448413,48.72069930781998,17.695858098608436,-0.0001630928509429912,-0.09196930844628042,-9.216442063987764e-06,-1853.8471931092524,0.1561622137795158,-0.0,707.0913129481014,707.0913129481014,1713.6318359375,True,0.0,359,7.082680437581386e-05,-0.09186407213813863,-8.793620333494228e-06,True,360,compliant-rolling,-15.410188583865986,0.001315617438337691,5.892427607900845,1989.7452705010758,1987.2231270151683,36877.866194070535,31573.89607588439,-0.012256318237539423,1.0593781029358945e-06,-0.09099374179788693,-8.948731191620026e-06,11.266300339659256,0.0020249736736040296,24.597574328353325,0.0006328042730012558,0.0,-0.015399457478339172,-2.744501660868362e-06,0.9999999993641879,3.5630643024143e-05,1.4427752999336942e-06,0.32999999999965657,9.683953265321288e-10,-2.716651176348916e-05,5.781534538484264e-06,0.0,0.0,0.0,0.0,-6.454335274642558,-0.0002319555202483721,-12.944565848414818,1.9802789933210044e-08,-0.0005510273929475543,0.0014607924268251978,1,0.9052039793303592,0.9094824868762426,0.13411100992213004,True,hold,359,0.1325197678022819,1,0.905147051275673,0.9094436665745123,0.13417097675645126,True,hold,359,0.1325665195129543,1,0.6664092569728098,0.6470254679956793,0.08819863552217987,True,apply,359,0.09892359974701477,1,0.666344620659255,0.6469507694225786,0.08818291370790307,True,apply,359,0.0989100649330927,True,True,0.0,1.0,False,-0.13411100992213004,-0.13417097675645126,-0.08819863552217987,-0.08818291370790307,0.0,0.0,0.0,0.0,359,359,359,359,True,0.0,-0.0,-3.752343764062971e-05,-6.864313926420048e-06,3.752343764062971e-05,0.0,0.30235245789504006,0.30235245789504006,-0.30235245789504006,1,1,1,1,1.0,False,359,0.0,-6.864313926420048e-06,94.24776063244526,94.24776392658096,1,12.025,0.0,24.000017062171064,0.25464790894703254,engaged,0.0,0.0,-0.0,-491.3371317504098,-0.0,0.0,585.5849003865326,-5.853283754854262e-06,-4.3462903769085054e-05,-0.0018079313882070414,18.849566887603554,18.849551052476492,0.0,0.0,17.693346039635667,22.786573419511495
126,1.05,0,0.0,1,1,,,,-0.0005315401358529925,23.655641555786133,0.41874247789382935,0.001937618013471365,17.157909393310547,-1.3617579936981201,-0.00010115050827153027,-0.8405686020851135,24.753812789916992,0.32990676164627075,0.9811646342277527,-0.19317327439785004,-4.136235020268941e-06,1.6440535546280444e-05,0.8394313454627991,24.753870010375977,0.32990676164627075,0.9812154769897461,-0.19291500747203827,-4.131907189730555e-06,1.6441623301943764e-05,-0.8404940366744995,22.553190231323242,0.3299068212509155,0.9581885933876038,0.2861374318599701,3.998714873887366e-06,1.6474521544296294e-05,0.8395059108734131,22.553247451782227,0.32990676164627075,0.9582518339157104,0.2859254479408264,3.99506961912266e-06,1.6475409211125225e-05,asphalt,0.0,0.0,1,899.9998549704619,1,-10.73408317565918,0.00047104820259846747,124.93836188460328,159.9971015040987,-0.0,8301.266922153045,3470.733077846955,-3.430709693930112e-05,-0.00043346749731955277,True,-0.0,True,0,0,-0.0007125397096388042,17.157909393310547,0.08025415241718292,False,True,-0.8405677676200867,24.745967864990234,-2.2351741790771484e-08,0.0,0.0,1.0,4195.64990234375,4195.64990234375,0.31271055340766907,0.08728945255279541,0.0,asphalt,True,0.8394322395324707,24.74602699279785,-2.2351741790771484e-08,0.0,0.0,1.0,4195.46875,4195.46875,0.31271347403526306,0.08728653192520142,0.0,asphalt,True,-0.8404932618141174,22.545347213745117,-3.725290298461914e-09,0.0,0.0,1.0,1691.5701904296875,1691.5701904296875,0.36500808596611023,0.03499191999435425,0.0,asphalt,True,0.8395067453384399,22.5454044342041,-2.60770320892334e-08,0.0,0.0,1.0,1691.3834228515625,1691.3834228515625,0.3650111258029938,0.0349888801574707,0.0,asphalt,366,45.38340516826354,63.19687831434911,45.40741369934972,17.160068873327482,-9.419904219076726e-05,-0.12724571118812925,-5.489432640695169e-06,-4381.7860646692525,0.13998187323130076,0.0,1484.9769017849724,1484.9769017849724,4191.01708984375,True,0.0,365,3.6199545130729975e-05,-0.12714008928030818,-5.0899670339355425e-06,True,366,compliant-rolling,-36.522198675188704,0.0011674002758717153,12.37480751487477,4449.991689926781,4454.418623512772,82475.98350341544,67525.80939774984,-0.029221488049550024,9.18823408362394e-07,-0.1272238486578974,-4.964173646932521e-06,64.04215235056735,1.0006545097966492e-05,80.0016995684081,3.1270453431150467e-06,0.0,0.0014371427632515685,2.1583619769416703e-06,0.9999999994252007,3.385976578796025e-05,1.7649107253871702e-06,0.3299999999994861,8.000243600144015e-10,-2.3553659596078863e-05,2.450709782112067e-06,0.0,0.0,0.0,0.0,-15.293855286818646,-0.0005222189189153077,30.67861845356202,1.6692272977018662e-08,-0.0004888547658304947,-0.001272878492023898,45.38214448848258,63.19635379900771,45.406153019568755,17.16001109638668,-9.419896503788899e-05,-0.12726701649223332,-5.489446627268086e-06,-4381.683647621646,0.13997796645571578,0.0,1484.8875892959663,1484.8875892959663,4190.83056640625,True,0.0,365,3.6199545130729975e-05,-0.12716140399768555,-5.089980606500637e-06,True,366,compliant-rolling,-36.521374106497944,0.0011672884972550865,12.374063244133053,4449.813445214694,4454.245530637755,82472.67992242968,67523.25490806824,-0.029220930311293605,9.187450592463892e-07,-0.127246256813205,-4.963729539590077e-06,64.03970768261773,1.0348694150045734e-05,80.01451423539011,3.2339669218882627e-06,0.0,0.0014558990723945989,2.1662075687573885e-06,0.9999999994252007,3.385976578796025e-05,1.7649107253871702e-06,0.3299999999994861,8.000010171908501e-10,-2.355297240580507e-05,2.45063926406723e-06,0.0,0.0,0.0,0.0,-15.29350999451183,-0.0005222071286785236,-30.677978627913873,1.6690674691306108e-08,-0.0004888079579698267,-0.0012727586718964089,45.96579947760835,62.22770106189308,45.989808008694524,17.160068872612204,-0.0001698806663183903,-0.11604586553864657,-9.899765995926353e-06,-1919.2683716804497,0.13792066468805333,-0.0,729.4273157424246,729.4273157424246,1695.0640869140625,True,0.0,365,3.6199545130729975e-05,-0.11593888824723401,-9.490039632511044e-06,True,366,compliant-rolling,-15.976190420937488,0.0011634787693095838,6.0785609645202054,1970.3311425429295,1966.6756118676178,36518.045455341104,31282.862500205072,-0.012754603208985053,9.429873210996583e-07,-0.11558465739116379,-9.69562507610082e-06,12.200992793090768,0.0002857806268898293,31.46760752628175,8.930644590306781e-05,0.0,-0.006077890332691823,-3.5274334768953936e-06,0.9999999994252007,3.385976578796025e-05,1.7649107253871702e-06,0.3299999999994861,8.114544785242627e-10,-2.3890123828034466e-05,2.484696705877818e-06,0.0,0.0,0.0,0.0,-6.69011048610462,-0.00022843829760104014,13.4199881506567,1.6636200643159236e-08,-0.00048721261513740705,0.0012917705241125975,45.966261268024695,62.22814131730766,45.99026979911087,17.160011096386913,-0.00016988065476978762,-0.1160340087648094,-9.899798654559534e-06,-1919.049202872841,0.13794547347361794,-0.0,729.358181485971,729.358181485971,1694.875,True,0.0,365,3.6199545130729975e-05,-0.11592703692446074,-9.490071799156165e-06,True,366,compliant-rolling,-15.974356262047529,0.0011636574778121954,6.077984845716426,1970.1333274132542,1966.4801828255288,36514.37915695031,31279.896273117203,-0.012753110984968688,9.431648121580932e-07,-0.11557253300457378,-9.695763707904211e-06,12.198138051336665,0.00028628526131931607,31.460530964613426,8.946414416228473e-05,0.0,-0.006082555127537769,-3.5292483500960394e-06,0.9999999994252007,3.385976578796025e-05,1.7649107253871702e-06,0.3299999999994861,8.114626764980591e-10,-2.3890365183475727e-05,2.4847217679595325e-06,0.0,0.0,0.0,0.0,-6.6893424227991884,-0.00022841207156571426,-13.418469287227758,1.6638755937320597e-08,-0.0004872874502261094,0.0012919691058965942,1,0.9052039793303592,0.9057830123609113,0.1283483926457473,True,hold,365,0.12508177683290828,1,0.905147051275673,0.9057285349241001,0.12837456745391057,True,hold,365,0.12509082141204153,1,0.6705739603904842,0.6673870185024381,0.11206327981228907,True,hold,365,0.12408229229071586,1,0.670512497493902,0.6673237643518254,0.11205111867580056,True,hold,365,0.12407137838814333,True,True,0.0,1.0,False,-0.1283483926457473,-0.12837456745391057,-0.11206327981228907,-0.11205111867580056,0.0,0.0,0.0,0.0,365,365,365,365,True,0.0,-0.0,-3.492957694106735e-05,-7.565435028605891e-06,3.492957694106735e-05,0.0,0.31594878969463025,0.31594878969463025,-0.31594878969463025,1,1,1,1,1.0,False,365,0.0,-7.565435028605891e-06,94.24776552636206,94.24776442023608,1,12.025,0.0,24.000016394294782,0.25464790894703254,engaged,0.0,0.0,-0.0,-458.5008962753171,-0.0,0.0,552.7486655965029,-5.438695992811985e-06,-2.486007809931725e-05,-0.001038787091008762,18.84956649667204,18.84955131971072,0.0,0.0,17.157909408105848,23.65564156602981
132,1.1,0,0.0,1,1,,,,-0.0005659484886564314,24.49785804748535,0.4186733663082123,0.0018437937833368778,16.620338439941406,-1.3655611276626587,-0.00010865826334338635,-0.8406011462211609,25.596027374267578,0.32990628480911255,-0.253245085477829,0.9674021601676941,1.5827557945158333e-05,-3.1634185688744765e-06,0.8393988013267517,25.59608268737793,0.3299063444137573,-0.25351443886756897,0.96733158826828,1.5826675735297613e-05,-3.1678250707045663e-06,-0.8405302166938782,23.395401000976562,0.3299063444137573,0.6793874502182007,-0.733779788017273,-1.246722513315035e-05,1.0251200365019031e-05,0.8394697308540344,23.395456314086914,0.32990628480911255,0.6792166829109192,-0.7339377999305725,-1.24696107377531e-05,1.0248299076920375e-05,asphalt,0.0,0.0,1,899.9998780732402,1,-10.749886512756348,0.0004904271336272359,117.27333275367774,160.17974656494223,-0.0,8314.677957275655,3457.322042724345,-3.160300911986269e-05,-0.0004619833476231752,True,-0.0,True,0,0,-0.0006707435823045671,16.620338439941406,0.08063890039920807,False,True,-0.8406002521514893,25.58816146850586,-2.9802322387695312e-08,0.0,0.0,1.0,4217.5546875,4217.5546875,0.31256887316703796,0.08743113279342651,0.0,asphalt,True,0.8393996953964233,25.58821678161621,0.0,0.0,0.0,1.0,4217.38916015625,4217.38916015625,0.3125719726085663,0.0874280333518982,0.0,asphalt,True,-0.8405292630195618,23.387537002563477,1.862645149230957e-08,0.0,0.0,1.0,1676.195068359375,1676.195068359375,0.3650124967098236,0.03498750925064087,0.0,asphalt,True,0.8394706845283508,23.387592315673828,-2.2351741790771484e-08,0.0,0.0,1.0,1676.0291748046875,1676.0291748046875,0.36501577496528625,0.03498423099517822,0.0,asphalt,372,44.317608370712406,65.43754348765707,44.339078209661544,16.622268864932785,-0.0001016573732097526,-0.12016759678565388,-6.1157339009806874e-06,-4377.912935073575,0.1681734943431379,0.0,1484.156084292425,1484.156084292425,4214.9462890625,True,0.0,371,4.143613550615629e-05,-0.12005603686170285,-5.747667293561438e-06,True,372,compliant-rolling,-36.49207802281817,0.0014031566042546244,12.367967369103543,4472.852241298307,4475.343366254326,82899.68012785296,67853.38522701008,-0.029197830674540872,1.1091693623333572e-06,-0.12016203258921028,-5.639480017821481e-06,63.938498799706245,1.4380863782464185e-05,73.14453177605677,4.494019932021458e-06,0.0,0.0017616661075561962,1.7980899931343297e-06,0.9999999994789626,3.222546727696541e-05,1.895905824234306e-06,0.329999999999407,6.872874139688451e-10,-2.1186444102031764e-05,5.501179793203865e-07,0.0,0.0,0.0,0.0,-15.278631995429532,-0.0004963841777678742,30.65331781582548,1.9086464104537318e-08,-0.0005874785583588245,-0.001529918121119043,44.31764138686056,65.43699338948831,44.339111225809695,16.62221564734686,-0.00010165733593613623,-0.12016412445160213,-6.115751238680071e-06,-4377.740065970409,0.16819342569179682,0.0,1484.0632978910287,1484.0632978910287,4214.77392578125,True,0.0,371,4.143613550615629e-05,-0.12005257028362083,-5.747687896538247e-06,True,372,compliant-rolling,-36.49066606422611,0.001403225760705397,12.367194149091906,4472.687622033643,4475.185285592056,82896.62908041224,67851.02668027862,-0.029196754333664494,1.1092290092532281e-06,-0.12015925334716474,-5.638839370312093e-06,63.933784863805904,1.4607040194504408e-05,73.14027271008314,4.564700060781975e-06,0.0,0.0017730840792646633,1.8090743038126079e-06,0.9999999994789626,3.222546727696541e-05,1.895905824234306e-06,0.329999999999407,6.872872786014355e-10,-2.118643996689521e-05,5.501185227660482e-07,0.0,0.0,0.0,0.0,-15.278038656610674,-0.0004963649009110309,-30.65218750818115,1.908740208913783e-08,-0.0005875074293868918,-0.0015299918758348886,43.43151402480317,64.45575981028053,43.45298386375231,16.62226886365077,-0.0001713660142451057,-0.1377591262826291,-1.0309423800367838e-05,-1934.6389853274618,0.12172773883079786,-0.0,720.9992747406878,720.9992747406878,1677.8314208984375,True,0.0,371,4.143613550615629e-05,-0.13764979697815377,-9.932194525356815e-06,True,372,compliant-rolling,-16.116241586140372,0.0010253349155731355,6.008327289505732,1952.293922202534,1950.5802117402275,36183.74427212554,31012.327119343332,-0.012887042845294105,8.298439862368566e-07,-0.1375545777749546,-1.0097587569669348e-05,12.455690548881527,1.6352392558429965e-05,36.7091459433305,5.1101226745102496e-06,0.0,-0.0015825585333460856,-2.7488591047306353e-06,0.9999999994789626,3.222546727696541e-05,1.895905824234306e-06,0.329999999999407,6.743404399235063e-10,-2.078729206514703e-05,5.389547876044519e-07,0.0,0.0,0.0,0.0,-6.747604416029999,-0.00021922146373810642,13.537630205863959,1.3947136484168408e-08,-0.00042929080997276966,0.0011384131751421929,43.4320063945591,64.4562233446534,43.45347623350824,16.622215647984397,-0.00017136597719573528,-0.13774659084532398,-1.0309454576859845e-05,-1934.4624719868386,0.1217346096883233,-0.0,720.938989423983,720.938989423983,1677.6732177734375,True,0.0,371,4.143613550615629e-05,-0.13763726592077988,-9.932232119576209e-06,True,372,compliant-rolling,-16.114768182449566,0.0010253746996514404,6.007824911866525,1952.1282473876745,1950.4064662954215,36180.67366115604,31009.841566000596,-0.012885842018530758,8.298845709747415e-07,-0.13754182916608526,-1.009757857180479e-05,12.453369391143093,1.6452585442822067e-05,36.70225070370874,5.1414329508821915e-06,0.0,-0.0015861692072248843,-2.7480759578879437e-06,0.9999999994789626,3.222546727696541e-05,1.895905824234306e-06,0.329999999999407,6.743480309241184e-10,-2.078752606929178e-05,5.389609086712685e-07,0.0,0.0,0.0,0.0,-6.746987045959958,-0.0002192014061351294,-13.53641716600885,1.3947676654993367e-08,-0.00042930743635132663,0.0011384605077428044,1,0.9052039793303592,0.9052823429295523,0.1213144933755389,True,hold,371,0.1177641736951665,1,0.905147051275673,0.9052257465299304,0.12131437677821763,True,hold,371,0.11775262583165597,1,0.6499525406564421,0.6596758113203484,0.13481428088920253,True,release,371,0.14483314680149398,1,0.6499035249626004,0.6596206534767814,0.13480194361859066,True,release,371,0.14481968842685933,True,True,0.0,1.0,False,-0.1213144933755389,-0.12131437677821763,-0.13481428088920253,-0.13480194361859066,0.0,0.0,0.0,0.0,371,371,371,371,True,0.0,-0.0,-3.207605914212763e-05,-8.063130505409927e-06,3.207605914212763e-05,0.0,0.2784347499045907,0.2784347499045907,-0.2784347499045907,1,1,1,1,1.0,False,371,0.0,-8.063130505409927e-06,94.2477701028581,94.24776683955336,1,12.025,0.0,24.000014348684196,0.25464790894703254,engaged,0.0,0.0,-0.0,-427.99150798946044,-0.0,0.0,522.2392792100264,-5.001164348625121e-06,-1.3991662720610339e-05,-0.0005815344037579818,18.84956526953908,18.849552078681473,0.0,0.0,16.620338453475938,24.497858058431945
138,1.15,0,0.0,1,1,,,,-0.0005982609000056982,25.313215255737305,0.41863173246383667,0.0017575382953509688,16.083667755126953,-1.3726671934127808,-0.00011275549331912771,-0.8406317830085754,26.411380767822266,0.32990530133247375,0.7423387765884399,0.6700247526168823,9.562006198393647e-06,1.2062156201864127e-05,0.8393681645393372,26.41143035888672,0.32990530133247375,0.7421598434448242,0.6702229380607605,9.565225809637923e-06,1.205960325023625e-05,-0.8405641317367554,24.21074676513672,0.32990530133247375,0.3084717392921448,0.951233446598053,1.4308443496702239e-05,5.674154181178892e-06,0.8394358158111572,24.210798263549805,0.32990530133247375,0.3087003529071808,0.9511593580245972,1.4307078345154878e-05,5.677592525898945e-06,asphalt,0.0,0.0,1,899.9999061843757,1,-10.711810111999512,0.000515824300237,109.85709876664252,160.1880787037037,-0.0,8323.601098200314,3448.3989017996864,-2.8988955818931572e-05,-0.0004777660464090738,True,-0.0,True,0,0,-0.00062869384419173,16.083667755126953,0.0812651515007019,False,True,-0.8406308889389038,26.40347671508789,-7.450580596923828e-09,0.0,0.0,1.0,4222.12451171875,4222.12451171875,0.31239184737205505,0.08760815858840942,0.0,asphalt,True,0.8393690586090088,26.403526306152344,2.2351741790771484e-08,0.0,0.0,1.0,4221.953125,4221.953125,0.3123951852321625,0.087604820728302,0.0,asphalt,True,-0.8405632376670837,24.202842712402344,1.1175870895385742e-08,0.0,0.0,1.0,1670.07177734375,1670.07177734375,0.36510857939720154,0.03489142656326294,0.0,asphalt,True,0.8394366502761841,24.20289421081543,-3.725290298461914e-09,0.0,0.0,1.0,1669.90576171875,1669.90576171875,0.36511191725730896,0.03488808870315552,0.0,asphalt,378,43.147086980002534,67.62259569803295,43.16874647722644,16.085611899583114,-0.0001042361603880678,-0.11482766137467872,-6.4800867407046075e-06,-4360.544108713064,0.18889178761660044,0.0,1484.0449987245856,1484.0449987245856,4222.63232421875,True,0.0,377,3.150352620820295e-05,-0.11471123509577821,-6.128601766847148e-06,True,378,compliant-rolling,-36.34553582417527,0.001578243066248971,12.367041656038214,4480.1922708828315,4479.707360043042,83035.71996817406,67958.54300693222,-0.029088424215722622,1.2541204188533528e-06,-0.11488032293402184,-6.080495013990166e-06,63.460231869499225,5.8526078695635866e-05,67.35693392444449,1.828939959238798e-05,0.0,0.0027195236453296206,7.737247885975304e-07,0.9999999995261449,3.0721972504933326e-05,1.967389724004374e-06,0.32999999999936136,5.862239857394109e-10,-1.8938012014172596e-05,8.353175040605029e-08,0.0,0.0,0.0,0.0,-15.215566847945835,-0.00047112747689922823,30.530217987817192,2.0457909255557144e-08,-0.000660710107370198,-0.0017207446590040251,43.14777589560618,67.62206764706507,43.16943539283009,16.085563071000376,-0.00010423621905525696,-0.11481084108316753,-6.480110058548009e-06,-4360.303978483867,0.18893052203826946,0.0,1483.9517421802718,1483.9517421802718,4222.46337890625,True,0.0,377,3.150352620820295e-05,-0.11469441928345304,-6.128617824226971e-06,True,378,compliant-rolling,-36.34355330683698,0.0015785395571876624,12.366264518168931,4480.030945423873,4479.543701318292,83032.72996800803,67956.23186207569,-0.02908687512013936,1.2543440079505572e-06,-0.11486399048362937,-6.08018785709416e-06,63.453472937097075,5.887803568842384e-05,67.34369757204874,1.8399386152627843e-05,0.0,0.002727289537037275,7.789208456858709e-07,0.9999999995261449,3.0721972504933326e-05,1.967389724004374e-06,0.32999999999936136,5.862331119301457e-10,-1.8938306854139318e-05,8.3533330138488e-08,0.0,0.0,0.0,0.0,-15.214736893883966,-0.0004711017786017531,-30.52861500501653,2.04617525068589e-08,-0.0006608342292904056,-0.0017210701100086128,41.71367534254893,66.57665774616073,41.73533483977284,16.08561189958185,-0.00016819593557445417,-0.1442344283233424,-1.0456297007432874e-05,-1932.5674198605336,0.11669092326477602,-0.0,683.3810970745974,683.3810970745974,1670.4556884765625,True,0.0,377,3.150352620820295e-05,-0.14412186990209733,-1.0094956911272421e-05,True,378,compliant-rolling,-16.10555744896081,0.0009782796887989908,5.694842475621645,1944.5681812344558,1944.1659586780343,36040.55567110473,30896.408415470367,-0.01288747674995961,7.841684173364698e-07,-0.1441563209081515,-1.0153049959558164e-05,12.456529319675223,3.329396423257123e-06,37.42971176900066,1.0404363822677703e-06,0.0,0.0005540926334081002,-9.343393356944486e-07,0.9999999995261449,3.0721972504933326e-05,1.967389724004374e-06,0.32999999999936136,5.667815226468019e-10,-1.8309919237811796e-05,8.072220929153473e-08,0.0,0.0,0.0,0.0,-6.742373731221661,-0.00020876760991201187,13.5286551703114,1.2680909251558376e-08,-0.00040954355640584236,0.0010862219985845146,41.71391085950158,66.57714067735809,41.73557035672549,16.085563071646348,-0.00016819593890223244,-0.14422699893712942,-1.0456328954537976e-05,-1932.3858466522763,0.11668839682808752,-0.0,683.3372863522377,683.3372863522377,1670.2864990234375,True,0.0,377,3.150352620820295e-05,-0.14411444596984874,-1.0094984976535654e-05,True,378,compliant-rolling,-16.104042479556046,0.0009782538726338422,5.694477386268647,1944.3909230850577,1943.9920217360066,36037.27037503581,30893.748495628835,-0.01288627359367799,7.841742726800562e-07,-0.14414896545896816,-1.0153289892789641e-05,12.454203580953896,3.3475553494228326e-06,37.424076577227915,1.0461110466950834e-06,0.0,0.0005551923994223146,-9.377440739209046e-07,0.9999999995261449,3.0721972504933326e-05,1.967389724004374e-06,0.32999999999936136,5.667849743153299e-10,-1.8310030725225423e-05,8.07224003816943e-08,0.0,0.0,0.0,0.0,-6.741739989714498,-0.00020874798704549234,-13.527408897257718,1.2680575513323014e-08,-0.00040953277797181153,0.0010861919770035894,1,0.9052039793303592,0.9052145846902515,0.11548510591255136,True,hold,377,0.11320664078650826,1,0.905147051275673,0.9051577015201973,0.11546973378983579,True,hold,377,0.11318612876685424,1,0.6093389381815273,0.6252571888034305,0.1446503042382293,True,release,377,0.14526126733419253,1,0.6093040821400331,0.6252171043334044,0.14464135022252111,True,release,377,0.14525577812913115,True,True,0.0,1.0,False,-0.11548510591255136,-0.11546973378983579,-0.1446503042382293,-0.14464135022252111,0.0,0.0,0.0,0.0,377,377,377,377,True,0.0,-0.0,-2.9454746254486963e-05,-8.338590564074369e-06,2.9454746254486963e-05,0.0,0.2842128157215029,0.2842128157215029,-0.2842128157215029,1,1,1,1,1.0,False,377,0.0,-8.338590564074369e-06,94.24777371091106,94.2477697833446,1,12.025,0.0,24.000011120227917,0.25464790894703254,engaged,0.0,0.0,-0.0,-407.3340304562071,-0.0,0.0,501.58180469521733,-4.588337624197476e-06,-1.4044219239968351e-05,-0.0005820890961765321,18.84956333609739,18.849553283044166,0.0,0.0,16.083667767414447,25.313215267324217
144,1.2,0,0.0,1,1,,,,-0.000628455716650933,26.101806640625,0.41861364245414734,0.0016783857718110085,15.5494384765625,-1.375697135925293,-0.00011676734720822424,-0.8406604528427124,27.199968338012695,0.3299049139022827,0.9471085667610168,-0.32091331481933594,-5.6729782045295e-06,1.3568252143159043e-05,0.8393394947052002,27.20001792907715,0.32990485429763794,0.9471868872642517,-0.3206821084022522,-5.6696662795729935e-06,1.3569637303589843e-05,-0.8405959010124207,24.99933433532715,0.3299049437046051,0.9745810627937317,0.22403518855571747,2.2940530470805243e-06,1.4526441191264894e-05,0.8394040465354919,24.9993839263916,0.3299048840999603,0.9746348857879639,0.22380100190639496,2.2905624064151198e-06,1.4526992345054168e-05,asphalt,0.0,0.0,1,899.9999321033703,1,-10.659395217895508,0.0005433302139863372,102.71359831110611,160.01975191396957,-0.0,8326.949136236783,3445.0508637632174,-2.6651352527551353e-05,-0.00047920110519846957,True,-0.0,True,0,0,-0.0005861051613464952,15.5494384765625,0.08146488666534424,False,True,-0.840659499168396,27.192045211791992,7.450580596923828e-09,0.0,0.0,1.0,4212.3134765625,4212.3134765625,0.31231603026390076,0.08768397569656372,0.0,asphalt,True,0.8393404483795166,27.192094802856445,-2.9802322387695312e-08,0.0,0.0,1.0,4212.1328125,4212.1328125,0.31231948733329773,0.08768051862716675,0.0,asphalt,True,-0.840595006942749,24.991411209106445,1.862645149230957e-08,0.0,0.0,1.0,1674.1038818359375,1674.1038818359375,0.3651491105556488,0.034850895404815674,0.0,asphalt,True,0.8394049406051636,24.991458892822266,-3.725290298461914e-09,0.0,0.0,1.0,1673.92041015625,1673.92041015625,0.36515262722969055,0.034847378730773926,0.0,asphalt,384,41.80136610936006,69.74441704941586,41.82497298532026,15.551552834247635,-0.00010203236663076216,-0.11298563152600127,-6.560911808408124e-06,-4342.898862102257,0.19735333285828557,0.0,1484.0299649277986,1484.0299649277986,4214.35595703125,True,0.0,383,7.088719748225308e-06,-0.11286564764676103,-6.2158990168749316e-06,True,384,compliant-rolling,-36.19362085067458,0.00165273583554803,12.366916374398322,4472.288429179775,4470.337643596647,82889.23045463396,67845.30731140965,-0.028964914686992554,1.3215844641281999e-06,-0.112983873114874,-6.272771561502701e-06,62.92247134285069,3.6431108434926725e-05,63.714267261279716,1.1384721385917302e-05,0.0,0.001838340946626536,-8.843367609443999e-07,0.9999999995674398,2.9342285402931033e-05,2.0373870475223236e-06,0.3299999999993151,4.982904764738366e-10,-1.6875386899774503e-05,3.0624268413832923e-07,1.677768054922004e-14,5.1201417691711545e-19,6.400177211463943e-20,9.61038753252123e-17,-15.151230822254291,-0.00044793664107243224,30.402610852589035,2.045445913824967e-08,-0.0006918617575155594,-0.0018019174007735104,41.80224479645277,69.7439298975951,41.825851672412966,15.55150792311582,-0.00010203235881166918,-0.11296442435037253,-6.560930252849878e-06,-4342.621408773218,0.19739010859223644,0.0,1483.9366447565599,1483.9366447565599,4214.17919921875,True,0.0,383,7.088719748225308e-06,-0.11284444508058097,-6.215913778326195e-06,True,384,compliant-rolling,-36.191314708378926,0.0016530825897713665,12.366138706304666,4472.119610449956,4470.165085693178,82886.10157445939,67842.88858075152,-0.028963092565863276,1.3218585577663422e-06,-0.1129629368259659,-6.273065488507631e-06,62.9145549544556,3.6596687428919005e-05,63.69827481596057,1.1436464821535676e-05,0.0,0.0018424761062734224,-8.886750727148908e-07,0.9999999995674398,2.9342285402931033e-05,2.0373870475223236e-06,0.3299999999993151,4.983009113773874e-10,-1.6875740297987317e-05,3.0624915384954115e-07,1.6778029081165372e-14,5.120248132679862e-19,6.400310165849828e-20,9.610586285530506e-17,-15.15026543406131,-0.0004479080999757011,-30.40073314528236,2.0458750610570708e-08,-0.0006920069144010238,-0.0018022984797978416,40.941078580240585,68.63912346704015,40.96468545620078,15.55155283354622,-0.00016086243504487838,-0.13124071428367182,-1.0343818187219559e-05,-1922.2549206504639,0.124870843686224,-0.0,655.0660867895039,655.0660867895039,1672.541259765625,True,0.0,383,7.088719748225308e-06,-0.1311231997557509,-9.987704647338025e-06,True,384,compliant-rolling,-16.02617581946239,0.0010428417085675606,5.4588840565791985,1946.753066646293,1948.3899216471475,36081.0502575534,30929.193503488743,-0.012828032580840578,8.281435568600031e-07,-0.1312486039686137,-9.94594688884305e-06,12.341881543569686,2.3967241856491353e-05,32.93998191642847,7.489763080152889e-06,0.0,0.0019499664756229042,6.493101572235388e-07,0.9999999995674398,2.9342285402931033e-05,2.0373870475223236e-06,0.3299999999993151,4.876299714290488e-10,-1.6514392027506636e-05,3.0027255049567464e-07,1.6391829053822767e-14,5.002389237616811e-19,6.252986547021014e-20,9.381428722925317e-17,-6.708814996078994,-0.0001983419096556848,13.46197270904641,1.2906336375936852e-08,-0.00043655031442238246,0.0011579407715177556,40.94082161747498,68.63960492115886,40.96442849343518,15.551507922414403,-0.00016086247821538678,-0.1312436580978717,-1.0343850835056217e-05,-1922.0882511399857,0.12485137212627309,-0.0,655.0279512190502,655.0279512190502,1672.3768310546875,True,0.0,383,7.088719748225308e-06,-0.13112615129234628,-9.987733541845658e-06,True,384,compliant-rolling,-16.024781250905335,0.001042697638500218,5.458566260158752,1946.580817799199,1948.1977419974987,36077.85780371047,30926.608914226937,-0.012826903011617668,8.280345314470803e-07,-0.13125137798985337,-9.946176169050642e-06,12.339708116631568,2.3885866100462148e-05,32.937600535141804,7.464333156393582e-06,0.0,0.0019472006026643122,6.461924092110609e-07,0.9999999995674398,2.9342285402931033e-05,2.0373870475223236e-06,0.3299999999993151,4.87627147658706e-10,-1.6514296372603533e-05,3.0027047172826065e-07,1.639174996349003e-14,5.002365101162728e-19,6.25295637645341e-20,9.381388167740428e-17,-6.708230729672197,-0.00019832463618563986,-13.460830399954714,1.2904552428476902e-08,-0.0004364899732998617,0.001157780880722919,1,0.9052039793303592,0.9052054146097441,0.1130645398583331,True,hold,383,0.11258270353664916,1,0.905147051275673,0.9051484926295321,0.11304361402921778,True,hold,383,0.1125603902742666,1,0.5943613285591542,0.5993504673451031,0.1341789322756508,True,hold,383,0.12586561201818902,1,0.5943272322999065,0.5993155753358314,0.1341801648858391,True,hold,383,0.1258723053492478,True,True,0.0,1.0,False,-0.1130645398583331,-0.11304361402921778,-0.1341789322756508,-0.1341801648858391,0.0,0.0,0.0,0.0,383,383,383,383,True,0.0,-0.0,-2.7061441869591363e-05,-8.363637064909009e-06,2.7061441869591363e-05,0.0,0.28648318510227,0.28648318510227,-0.28648318510227,1,1,1,1,1.0,False,383,0.0,-8.363637064909009e-06,94.24777631566413,94.24777249757535,1,12.025,0.0,24.000007860947065,0.25464790894703254,engaged,0.0,0.0,-0.0,-398.0656057087858,-0.0,0.0,492.3133830207936,-4.219754929642693e-06,-2.164302064850893e-05,-0.0008982208298029841,18.849561388310047,18.84955450713505,0.0,0.0,15.549438487608533,26.101806652790053
150,1.25,0,0.0,1,1,,,,-0.0006565081421285868,26.863759994506836,0.41860231757164,0.0016057121101766825,15.017667770385742,-1.3729093074798584,-0.00012113899720134214,-0.840687096118927,27.961925506591797,0.32990527153015137,-0.21678772568702698,0.9762187600135803,1.3933081390860025e-05,-2.0115237475692993e-06,0.8393128514289856,27.961973190307617,0.32990527153015137,-0.217003732919693,0.9761707782745361,1.393263755744556e-05,-2.0146064798609586e-06,-0.8406253457069397,25.761295318603516,0.329905241727829,0.7036023736000061,-0.7105938792228699,-1.0718773410189897e-05,9.126056284003425e-06,0.8393746018409729,25.761343002319336,0.32990527153015137,0.7034397125244141,-0.710754930973053,-1.0720860700530466e-05,9.123602467298042e-06,asphalt,0.0,0.0,1,899.99994973918,1,-10.611737251281738,0.0005614544497802854,95.84187950497297,160.09981809325092,-0.0,8326.119322332941,3445.880677667059,-2.4433480575680733e-05,-0.0004664813874755472,True,-0.0,True,0,0,-0.0005431366735137999,15.017667770385742,0.08167631179094315,False,True,-0.8406862020492554,27.95401954650879,0.0,0.0,0.0,1.0,4203.4814453125,4203.4814453125,0.31235775351524353,0.08764225244522095,0.0,asphalt,True,0.8393137454986572,27.95406723022461,-1.4901161193847656e-08,0.0,0.0,1.0,4203.30517578125,4203.30517578125,0.3123612701892853,0.0876387357711792,0.0,asphalt,True,-0.8406244516372681,25.753389358520508,-7.450580596923828e-09,0.0,0.0,1.0,1686.734130859375,1686.734130859375,0.3650837242603302,0.03491628170013428,0.0,asphalt,True,0.8393754959106445,25.753437042236328,0.0,0.0,0.0,1.0,1686.548583984375,1686.548583984375,0.3650873005390167,0.034912705421447754,0.0,asphalt,390,40.34707984287602,71.79562892965248,40.37224416398983,15.019917989046794,-9.613274540309186e-05,-0.11354134171512047,-6.400350885529705e-06,-4336.655782048216,0.19442120970058227,0.0,1484.0279303246523,1484.0279303246523,4204.97802734375,True,0.0,389,2.4631110259715436e-05,-0.11341828406949982,-6.070022871612482e-06,True,390,compliant-rolling,-36.13868817819993,0.0016311848021012436,12.366899419372102,4463.330730929057,4461.901027023183,82723.20880231781,67716.95992373436,-0.028913347065736963,1.3104397109373062e-06,-0.11344134184402659,-6.212836212800349e-06,62.69862301957593,1.9456488004146515e-06,61.658832157106495,6.080152501293327e-07,0.0,0.00034627781232904033,-2.144746940013662e-06,0.9999999996036462,2.8075619400410477e-05,2.1136675050719287e-06,0.3299999999992629,4.222425529849321e-10,-1.4947630824246446e-05,2.2156375115372773e-07,0.0,0.0,0.0,0.0,-15.127778468967271,-0.00042780244463967536,30.356466374046086,1.9309634111703828e-08,-0.0006828195369587142,-0.001778447337878818,40.34797796562579,71.7951862751277,40.3731422867396,15.019876805477438,-9.613273283343968e-05,-0.1135191785480474,-6.4003675980264615e-06,-4336.374238804606,0.19443949275838307,0.0,1483.9346015424458,1483.9346015424458,4204.8017578125,True,0.0,389,2.4631110259715436e-05,-0.11339612538391439,-6.0700422858784395e-06,True,390,compliant-rolling,-36.13634288836043,0.0016313767835767013,12.366121679520381,4463.16234104124,4461.732631140949,82720.08787028522,67714.54706851876,-0.028911472187697483,1.3105977393708413e-06,-0.11341920396604067,-6.213217003068183e-06,62.69049193332537,1.947968975462776e-06,61.64264105042098,6.087403048321963e-07,0.0,0.0003465893500167742,-2.1501681472431145e-06,0.9999999996036462,2.8075619400410477e-05,2.1136675050719287e-06,0.3299999999992629,4.2225193250314793e-10,-1.49479628670654e-05,2.2156870577802528e-07,0.0,0.0,0.0,0.0,-15.126795645672416,-0.00042777465112002206,-30.354557846885314,1.9311905374481307e-08,-0.000682899852442118,-0.0017786538245024748,40.383559796592046,70.67176185502949,40.40872411770586,15.019917989047618,-0.00015008004253183442,-0.11273984701093448,-9.992068041668178e-06,-1902.711385553319,0.1385129648755104,-0.0,650.3511313699514,650.3511313699514,1684.875,True,0.0,389,2.4631110259715436e-05,-0.11261667809939412,-9.650509926201315e-06,True,390,compliant-rolling,-15.870083685133862,0.0011566308488105005,5.419592761416261,1959.6685780208734,1961.614580818868,36320.42587379989,31122.95429239661,-0.012710514495475925,9.172811345254145e-07,-0.11287409131678454,-9.589196507483524e-06,12.116788468583124,9.693836296633766e-05,27.117107736500365,3.029323842698153e-05,0.0,0.0038657887680698107,9.20794696698223e-07,0.9999999996036462,2.8075619400410477e-05,2.1136675050719287e-06,0.3299999999992629,4.222505246954292e-10,-1.4947959717201719e-05,2.2219645082665223e-07,0.0,0.0,0.0,0.0,-6.643270834749151,-0.0001878668113324877,13.330856456888686,1.369195990178451e-08,-0.00048416959462360524,0.0012842702808479592,40.382810866273466,70.67221609862303,40.40797518738728,15.019876804728307,-0.00015008002986577595,-0.11275386881699953,-9.992094596510638e-06,-1902.5555811349318,0.13846849998157545,-0.0,650.3137478182425,650.3137478182425,1684.6893310546875,True,0.0,389,2.4631110259715436e-05,-0.1126307094667075,-9.650532914574737e-06,True,390,compliant-rolling,-15.868770618574267,0.001156301527575067,5.419281231818688,1959.4742215003005,1961.4203735009032,36316.82367714392,31120.039048369392,-0.012709453091889906,9.170284081307411e-07,-0.11288789658210283,-9.589655872772977e-06,12.114764905191825,9.678043600268193e-05,27.11800075059645,3.024388625083629e-05,0.0,0.003862382648553998,9.142387619642811e-07,0.9999999996036462,2.8075619400410477e-05,2.1136675050719287e-06,0.3299999999992629,4.222428708217172e-10,-1.4947688742674307e-05,2.2219212543121122e-07,0.0,0.0,0.0,0.0,-6.642721653561849,-0.00018785128089257808,-13.329780336325321,1.3688062438735822e-08,-0.00048403177409842983,0.0012839022102220563,1,0.9052039793303592,0.9052041735743014,0.11337734778604464,True,hold,389,0.11379869309927287,1,0.905147051275673,0.9051472463417057,0.11335532447400513,True,hold,389,0.11377623347096934,1,0.5943613285591542,0.5950365350698574,0.11571935840847832,True,hold,389,0.10650606777864594,1,0.5943272322999065,0.5950023311175547,0.11573179323121036,True,hold,389,0.10652360468822028,True,True,0.0,1.0,False,-0.11337734778604464,-0.11335532447400513,-0.11571935840847832,-0.11573179323121036,0.0,0.0,0.0,0.0,389,389,389,389,True,0.0,-0.0,-2.48415981332073e-05,-8.141636110719737e-06,2.48415981332073e-05,0.0,0.30568350625776475,0.30568350625776475,-0.30568350625776475,1,1,1,1,1.0,False,389,0.0,-8.141636110719737e-06,94.24777816694652,94.24777434439304,1,12.025,0.0,24.0000059528267,0.25464790894703254,engaged,0.0,0.0,-0.0,-391.3796668994546,-0.0,0.0,485.6274460307051,-3.870692214474844e-06,-2.8168855354512675e-05,-0.0011724546473118444,18.84956025128147,18.84955523034605,0.0,0.0,15.017667780207422,26.863760007188358
156,1.3,0,0.0,1,1,,,,-0.0006824206211604178,27.599199295043945,0.4186055362224579,0.0015392361674457788,14.48841381072998,-1.3671084642410278,-0.00012496343697421253,-0.840711772441864,28.697372436523438,0.3299061059951782,0.6963390111923218,0.7177130579948425,8.900110515241977e-06,1.0154051778954454e-05,0.8392881751060486,28.697418212890625,0.3299061059951782,0.6961939334869385,0.7178537845611572,8.902161425794475e-06,1.0152251888939645e-05,-0.8406525254249573,26.496747970581055,0.3299061357975006,0.21574072539806366,0.9764506816864014,1.2906250958621968e-05,3.968049441027688e-06,0.8393474221229553,26.49679183959961,0.3299061357975006,0.21594186127185822,0.9764062166213989,1.2905432413390372e-05,3.970708348788321e-06,asphalt,0.0,0.0,1,899.9999575349673,1,-10.568107604980469,0.0005541152786463499,89.23929725990085,160.08329152331802,-0.0,8322.203040916604,3449.7969590833964,-2.2215193894226104e-05,-0.00044196823271764354,True,-0.0,True,0,0,-0.0005006340215913951,14.48841381072998,0.08197427541017532,False,True,-0.8407108187675476,28.689498901367188,-1.4901161193847656e-08,0.0,0.0,1.0,4195.89404296875,4195.89404296875,0.31247130036354065,0.08752870559692383,0.0,asphalt,True,0.839289128780365,28.689546585083008,7.450580596923828e-09,0.0,0.0,1.0,4195.71484375,4195.71484375,0.31247493624687195,0.08752506971359253,0.0,asphalt,True,-0.8406515717506409,26.488874435424805,2.9802322387695312e-08,0.0,0.0,1.0,1692.6959228515625,1692.6959228515625,0.36497440934181213,0.035025596618652344,0.0,asphalt,True,0.8393484354019165,26.48891830444336,2.60770320892334e-08,0.0,0.0,1.0,1692.509765625,1692.509765625,0.3649781048297882,0.03502190113067627,0.0,asphalt,396,38.86777315931518,73.77333748296296,38.89322179459974,14.490687438532504,-8.795209539895439e-05,-0.11485461287111522,-6.069559899829115e-06,-4335.701364705348,0.1839207917832669,0.0,1484.0276549710593,1484.0276549710593,4196.78857421875,True,0.0,395,8.924815731636222e-06,-0.11472795566433443,-5.7520041230042665e-06,True,396,compliant-rolling,-36.12993801922965,0.0015445175681429355,12.366897124758827,4455.506618758694,4454.65190113776,82578.19699302554,67604.84303745597,-0.028903851845385964,1.2447063796858897e-06,-0.11471942566308947,-5.944235424392715e-06,62.65744897869867,6.485808954605534e-08,60.13468821439493,2.0268152983058195e-08,0.0,-0.00012358789745373473,-2.785165169616568e-06,0.9999999996353666,2.6916773994533797e-05,2.180402360978256e-06,0.3299999999992156,3.55613941351274e-10,-1.3112662516706518e-05,-1.083465009373112e-07,0.0,0.0,0.0,0.0,-15.124135004598125,-0.0004098933940938446,30.349113056885365,1.7522519631966345e-08,-0.0006465411649788765,-0.0016840132211976095,38.868664041147184,73.77293968267993,38.894112676431746,14.490649980090708,-8.795204035675367e-05,-0.11483203643927986,-6.069571791224997e-06,-4335.416347962552,0.1839592726404224,0.0,1483.934325023485,1483.934325023485,4196.60546875,True,0.0,395,8.924815731636222e-06,-0.11470538412149149,-5.75201856341301e-06,True,396,compliant-rolling,-36.12756250960014,0.0015451588359687769,12.366119375195707,4455.331664396818,4454.480675493529,82574.95439527047,67602.33587555157,-0.02890195386023801,1.2450329937839208e-06,-0.11469687611359092,-5.944975845808566e-06,62.64922038670755,6.461583373039592e-08,60.11875810105924,2.019244804077311e-08,0.0,-0.00012326892685086933,-2.7956764271657164e-06,0.9999999996353666,2.6916773994533797e-05,2.180402360978256e-06,0.3299999999992156,3.556220870111507e-10,-1.3112962874933786e-05,-1.083489727454518e-07,0.0,0.0,0.0,0.0,-15.1231406068684,-0.0004098664439865894,-30.34718551260275,1.7529794802090285e-08,-0.0006468096022279792,-0.001684712784919301,39.39106165980219,72.66767107937774,39.41651029508675,14.490687437015351,-0.00013701774815997258,-0.10293763465639698,-9.455572673929033e-06,-1882.0719307698598,0.14400452415849702,-0.0,669.1468855874252,669.1468855874252,1692.4610595703125,True,0.0,395,8.924815731636222e-06,-0.10280927231958245,-9.126077615080845e-06,True,396,compliant-rolling,-15.68757596646913,0.001208406398896127,5.576224046561877,1967.6077659369485,1967.8535051499885,36467.57049276153,31242.024161662168,-0.012557357070253789,9.66355395238641e-07,-0.10291498496700817,-9.191562492509048e-06,11.826541314277167,2.063579750002442e-05,23.457985334338503,6.44868671875784e-06,0.0,0.0015316297682084741,-9.487851272991232e-07,0.9999999996353666,2.6916773994533797e-05,2.180402360978256e-06,0.3299999999992156,3.6033838679278355e-10,-1.3286877974170258e-05,-1.0966709383794846e-07,0.0,0.0,0.0,0.0,-6.566881368174206,-0.00017797522250325077,13.177549242248489,1.370934541943105e-08,-0.0005058436996929827,0.0013417076798697316,39.39031450896824,72.66808509843881,39.4157631442528,14.490649979330657,-0.00013701777828580507,-0.10295233088439741,-9.455599195147394e-06,-1881.9330505963635,0.14394407374977988,-0.0,669.0911677902586,669.0911677902586,1692.2730712890625,True,0.0,395,8.924815731636222e-06,-0.10282397883586217,-9.12610074449396e-06,True,396,compliant-rolling,-15.686421381768138,0.0012074147932422817,5.575759731585489,1967.4110699309203,1967.6587277275978,36463.924936167554,31239.074489158826,-0.012556432645663095,9.65809035765289e-07,-0.10292970669734959,-9.190101620525281e-06,11.824800128839577,2.063441369381883e-05,23.45959373509006,6.448254279319382e-06,0.0,0.0015318462531009013,-9.272816150134823e-07,0.9999999996353666,2.6916773994533797e-05,2.180402360978256e-06,0.3299999999992156,3.603314557790548e-10,-1.3286622419072035e-05,-1.0966480361697657e-07,0.0,0.0,0.0,0.0,-6.5663985219419905,-0.00017796213643380695,-13.17660771619558,1.36980966491772e-08,-0.0005054286456267149,0.001340606392629293,1,0.9052039793303592,0.9052040056184182,0.11461981677652064,True,hold,395,0.11532760578977852,1,0.905147051275673,0.9051470776749897,0.11459725729317292,True,hold,395,0.11530489878892597,1,0.6227373732946955,0.6122336458675754,0.10333688989269404,True,apply,395,0.10058877075600674,1,0.6226775698431247,0.6121826670603303,0.10335250406438692,True,apply,395,0.10060283019809019,True,True,0.0,1.0,False,-0.11461981677652064,-0.11459725729317292,-0.10333688989269404,-0.10335250406438692,0.0,0.0,0.0,0.0,395,395,395,395,True,0.0,-0.0,-2.2661628463538364e-05,-7.713800850143405e-06,2.2661628463538364e-05,0.0,0.3118627468018076,0.3118627468018076,-0.3118627468018076,1,1,1,1,1.0,False,395,0.0,-7.713800850143405e-06,94.24777953790294,94.24777516076597,1,12.025,0.0,24.000004903903857,0.25464790894703254,engaged,0.0,0.0,-0.0,-379.44983521963405,-0.0,0.0,473.6976152077067,-3.5220364481097932e-06,-2.9724278508435503e-05,-0.0012428342655593314,18.849559605129024,18.849555585685188,0.0,0.0,14.488413819379458,27.599199308182047
162,1.35,0,0.0,1,1,,,,-0.0007062600925564766,28.308197021484375,0.41861769556999207,0.00148012803401798,13.959498405456543,-1.3629603385925293,-0.00012562947813421488,-0.8407344818115234,29.406375885009766,0.329906702041626,0.9885566830635071,-0.1508501023054123,-3.0358687581610866e-06,1.2629188859136775e-05,0.8392654657363892,29.40641975402832,0.32990673184394836,0.9885836839675903,-0.15067286789417267,-3.033604116353672e-06,1.2629732736968435e-05,-0.8406774997711182,27.205753326416016,0.3299066126346588,0.9249005317687988,0.3802090585231781,3.907201516994974e-06,1.2387360584398266e-05,0.8393224477767944,27.205795288085938,0.3299066126346588,0.9249745011329651,0.3800291419029236,3.904791356035275e-06,1.2388119102979545e-05,asphalt,0.0,0.0,1,899.9999580481236,1,-10.58521842956543,0.0005128284101374447,82.88231189921987,159.9575678118629,-0.0,8318.414252212297,3453.5857477877034,-1.9377210264792666e-05,-0.00041054497798325833,True,-0.0,True,0,0,-0.0004601347609423101,13.959498405456543,0.08194420486688614,False,True,-0.8407335877418518,29.398527145385742,2.9802322387695312e-08,0.0,0.0,1.0,4194.826171875,4194.826171875,0.31256231665611267,0.0874376893043518,0.0,asphalt,True,0.8392663598060608,29.398569107055664,2.9802322387695312e-08,0.0,0.0,1.0,4194.65087890625,4194.65087890625,0.31256601214408875,0.08743399381637573,0.0,asphalt,True,-0.8406765460968018,27.19790267944336,-7.450580596923828e-09,0.0,0.0,1.0,1689.1444091796875,1689.1444091796875,0.3649062216281891,0.03509378433227539,0.0,asphalt,True,0.8393234014511108,27.197946548461914,-1.1175870895385742e-08,0.0,0.0,1.0,1688.97119140625,1688.97119140625,0.36490991711616516,0.035090088844299316,0.0,asphalt,402,37.40301783586886,75.67728659524897,37.427360303974275,13.961671926598326,-7.970569506901912e-05,-0.1159371205183186,-5.708893282065037e-06,-4338.906115064355,0.17198289360342614,0.0,1484.0276177060025,1484.0276177060025,4194.56884765625,True,0.0,401,1.2563085964337968e-05,-0.11580552660670938,-5.416408271792289e-06,True,402,compliant-rolling,-36.15733968533726,0.0014442319034583978,12.366896814216688,4453.385653875171,4453.6315347892105,82538.8871073148,67574.44844296698,-0.02892314721306209,1.1641255518471116e-06,-0.11577443450586955,-5.605234620842855e-06,62.74113345477372,2.5703878672474235e-06,58.52812317801926,8.032462085142166e-07,0.0,-0.00043403310504128547,-2.635939173640578e-06,0.9999999996625742,2.58852593895543e-05,2.1920274255930592e-06,0.3299999999992072,2.8949749347595533e-10,-1.104037716837767e-05,-8.795540688570379e-07,0.0,0.0,0.0,0.0,-15.1360332472305,-0.0003942444356604604,30.37213320378316,1.574729769106014e-08,-0.0006045782764355882,-0.0015747183948237728,37.40392338746899,75.67693374164573,37.42826585557441,13.961639244189826,-7.970572474706917e-05,-0.11591364724798987,-5.708908771537914e-06,-4338.625731345612,0.17199972951022016,0.0,1483.934287600713,1483.934287600713,4194.3916015625,True,0.0,401,1.2563085964337968e-05,-0.11578205764303523,-5.416420749759849e-06,True,402,compliant-rolling,-36.155003554724146,0.0014443411441923421,12.366119063339276,4453.216289104491,4453.464037328435,82535.74810683887,67572.02131789042,-0.028921273302997076,1.1641901580317662e-06,-0.11575091512491009,-5.604735705097593e-06,62.733003811649255,2.5796920107336746e-06,58.512321004588564,8.061537533547142e-07,0.0,-0.0004347358960501599,-2.6287941945447506e-06,0.9999999996625742,2.58852593895543e-05,2.1920274255930592e-06,0.3299999999992072,2.8950448357998075e-10,-1.104064374858338e-05,-8.795752687108518e-07,0.0,0.0,0.0,0.0,-15.135055306072832,-0.00039421896347408795,-30.37023324009516,1.5748488806111184e-08,-0.0006046240063315186,-0.0015748376650453729,37.749517636522405,74.59439350086323,37.77386010462782,13.961671927322271,-0.0001225162368858809,-0.10774720356778379,-8.775183768856379e-06,-1893.7723576383837,0.13106646345366385,-0.0,687.0858341219302,687.0858341219302,1690.046875,True,0.0,401,1.2563085964337968e-05,-0.10761439052999273,-8.471140064813955e-06,True,402,compliant-rolling,-15.775404452483091,0.0011040956337251113,5.725715284349419,1965.0815887320903,1964.1371654042716,36420.75041668224,31204.140115312945,-0.012611317047717835,8.933090397405354e-07,-0.10746576153137613,-8.681023855302996e-06,11.928398885704466,3.335923440991935e-05,23.6489999810509,1.0424760753100008e-05,0.0,-0.0020748004807085705,-2.9298925074164617e-06,0.9999999996625742,2.58852593895543e-05,2.1920274255930592e-06,0.3299999999992072,2.92265599748346e-10,-1.1145928130350162e-05,-8.881361602293005e-07,0.0,0.0,0.0,0.0,-6.6038333671468195,-0.0001720083800359578,13.251324455585504,1.2038594758940567e-08,-0.00046219186382681545,0.0012258469788367513,37.749203288783086,74.59478155918605,37.7735457568885,13.961639244913771,-0.0001225162294587231,-0.10775254490215645,-8.77520377846828e-06,-1893.610728642689,0.13105567367407972,-0.0,687.0168140309197,687.0168140309197,1689.8707275390625,True,0.0,401,1.2563085964337968e-05,-0.10761974053219436,-8.471159666565079e-06,True,402,compliant-rolling,-15.774068248867575,0.0011039911156654533,5.725140116924331,1964.897255772276,1963.955888606225,36417.333996335394,31201.375643429874,-0.01261026075872527,8.932009838822372e-07,-0.10747133939233182,-8.680655782517665e-06,11.926400790064081,3.3262419289696666e-05,23.648253090148046,1.0394506028030583e-05,0.0,-0.0020716148338986106,-2.9244739082558466e-06,0.9999999996625742,2.58852593895543e-05,2.1920274255930592e-06,0.3299999999992072,2.922630279152449e-10,-1.1145830073375011e-05,-8.8812806955236e-07,0.0,0.0,0.0,0.0,-6.603274011217277,-0.00017199381063331617,-13.250230853698673,1.2037455137945086e-08,-0.0004621481109169033,0.0012257308133379482,1,0.9052039793303592,0.9052039828880611,0.11581455228749735,True,hold,401,0.11626053905224655,1,0.905147051275673,0.905147054848432,0.11579125944704081,True,hold,401,0.1162369931476515,1,0.6314740893771241,0.6286468252469718,0.10656880560265149,True,hold,401,0.10994537363913652,1,0.6314088851761996,0.6285836755516394,0.10657580563844253,True,hold,401,0.10994739206044693,True,True,0.0,1.0,False,-0.11581455228749735,-0.11579125944704081,-0.10656880560265149,-0.10657580563844253,0.0,0.0,0.0,0.0,401,401,401,401,True,0.0,-0.0,-1.991493809327949e-05,-7.165361593335488e-06,1.991493809327949e-05,0.0,0.29796656766643537,0.29796656766643537,-0.29796656766643537,1,1,1,1,1.0,False,401,0.0,-7.165361593335488e-06,94.24778075968275,94.24777521450356,1,12.025,0.0,24.000004713687815,0.25464790894703254,engaged,0.0,0.0,-0.0,-359.6992620105354,-0.0,0.0,453.94704182207664,-3.0762614807408994e-06,-2.554822901631628e-05,-0.001071706998108856,18.849559438256378,18.84955555073057,0.0,0.0,13.959498413040054,28.308197035023344
168,1.4,0,0.0,1,1,,,,-0.0007281565340235829,28.990711212158203,0.41862186789512634,0.0014302355702966452,13.42936897277832,-1.3624844551086426,-0.00012095698184566572,-0.8407554030418396,30.088890075683594,0.329906702041626,-0.48254239559173584,0.8758726716041565,1.1463092050689738e-05,-5.110534402774647e-06,0.839244544506073,30.088932037353516,0.32990676164627075,-0.4826759994029999,0.8757990002632141,1.1462312613730319e-05,-5.112282906338805e-06,-0.8407002687454224,27.888269424438477,0.32990676164627075,0.8625473976135254,-0.5059762597084045,-7.2380730671284255e-06,1.0253309483232442e-05,0.8392996788024902,27.8883113861084,0.329906702041626,0.8624509572982788,-0.5061406493186951,-7.240027116495185e-06,1.025192796078045e-05,asphalt,0.0,0.0,1,899.9999580523253,1,-10.608672142028809,0.0004644228029064834,76.74698883260318,159.91503441694275,-0.0,8317.221058545356,3454.778941454644,-1.6064273950178176e-05,-0.00037504352746325047,True,-0.0,True,0,0,-0.00042246197699569166,13.42936897277832,0.08168520778417587,False,True,-0.840754508972168,30.081045150756836,-7.450580596923828e-09,0.0,0.0,1.0,4199.56298828125,4199.56298828125,0.31257572770118713,0.08742427825927734,0.0,asphalt,True,0.8392454385757446,30.081087112426758,0.0,0.0,0.0,1.0,4199.4150390625,4199.4150390625,0.3125792443752289,0.0874207615852356,0.0,asphalt,True,-0.8406993746757507,27.88042449951172,3.725290298461914e-08,0.0,0.0,1.0,1684.325439453125,1684.325439453125,0.3649011552333832,0.0350988507270813,0.0,asphalt,True,0.8393005132675171,27.88046646118164,3.725290298461914e-09,0.0,0.0,1.0,1684.1617431640625,1684.1617431640625,0.3649047911167145,0.03509521484375,0.0,asphalt,408,35.97579460638786,77.50893306608428,35.99899494336606,13.431438586971165,-7.167022173847938e-05,-0.11610270610940317,-5.336004871981553e-06,-4343.040738992517,0.1612301333460512,0.0,1484.0276126627257,1484.0276126627257,4198.14990234375,True,0.0,407,1.2827891138941843e-05,-0.11596555439439651,-5.080983327594112e-06,True,408,compliant-rolling,-36.19307407565353,0.0013533722758571208,12.366896772189381,4456.807322190012,4458.157433865068,82602.30418293041,67623.48243608489,-0.028951147396877205,1.0906642910421364e-06,-0.11593810486561472,-5.257425930129216e-06,62.862670258894376,3.6144710871274176e-06,56.45947043203172,1.1295222147271406e-06,0.0,-0.0003686294609366227,-2.3695103102692526e-06,0.99999999968496,2.5012515826652734e-05,2.1105006446932234e-06,0.3299999999992651,2.25833865152312e-10,-8.828144855125739e-06,-1.8017394673987422e-06,0.0,0.0,0.0,0.0,-15.151220898727681,-0.0003809983367075525,30.40214891062324,1.4246719827386403e-08,-0.0005665515525667543,-0.0014756588929392299,35.97676091968187,77.50862672299651,35.99996125666007,13.431411485715584,-7.167022269598239e-05,-0.11607718100998544,-5.336015710003676e-06,-4342.772706444906,0.16125842927144043,0.0,1483.9342825360916,1483.9342825360916,4197.9970703125,True,0.0,407,1.2827891138941843e-05,-0.1159400325798297,-5.080993883353666e-06,True,408,compliant-rolling,-36.19084353186477,0.0013535603946948696,12.366119021134097,4456.66129840466,4458.016080141886,82599.59778342431,67621.38989455017,-0.028949339477104746,1.09082079907248e-06,-0.11591234803116578,-5.25707794529371e-06,62.854819301290895,3.6661324102309283e-06,56.44336223059507,1.1456663781979327e-06,0.0,-0.00037178487919468,-2.364690589431553e-06,0.99999999968496,2.5012515826652734e-05,2.1105006446932234e-06,0.3299999999992651,2.2583988481891876e-10,-8.828380180137501e-06,-1.8017873956271154e-06,0.0,0.0,0.0,0.0,-15.15028822236009,-0.00038097488327451805,-30.40033999831845,1.4248701136790495e-08,-0.0005666303436100684,-0.0014758636248825387,36.03343929713517,76.43546861560571,36.05663963411337,13.431438586278269,-0.00010716997426591719,-0.11468642084428991,-7.979039145749369e-06,-1906.3304735235824,0.11328310516892655,-0.0,689.7577229798853,689.7577229798853,1684.8817138671875,True,0.0,407,1.2827891138941843e-05,-0.11454904941421411,-7.713283473063398e-06,True,408,compliant-rolling,-15.881714932095583,0.0009551188963996882,5.747981024832377,1959.6756059943127,1959.093296951886,36320.55613000301,31123.05970794451,-0.012698211272135366,7.75110468070509e-07,-0.11442999807274522,-7.935443441822175e-06,12.093342758443642,2.064359629694485e-05,24.397615136296547,6.451123842795151e-06,0.0,-0.0015987827032775106,-2.9834650416497963e-06,0.99999999968496,2.5012515826652734e-05,2.1105006446932234e-06,0.3299999999992651,2.2626803713586654e-10,-8.84510427936043e-06,-1.8053560422165068e-06,0.0,0.0,0.0,0.0,-6.648436954645643,-0.000167184112643868,13.340626315404718,1.0054374218823896e-08,-0.00039983388406444377,0.001060435645090606,36.03354145492443,76.43585246790391,36.05674179190263,13.431411485715072,-0.00010716997541560094,-0.11468212460430666,-7.979055330655816e-06,-1906.1564219111883,0.11328443409366157,-0.0,689.6867612907972,689.6867612907972,1684.719970703125,True,0.0,407,1.2827891138941843e-05,-0.11454475971952106,-7.713297031835655e-06,True,408,compliant-rolling,-15.880270982622125,0.0009551241458450241,5.74738967742331,1959.5062949461344,1958.9219357242894,36317.41812521794,31120.520134037222,-0.012697064661037021,7.751080581414252e-07,-0.1144258615305283,-7.935331572226357e-06,12.091158870551075,2.059305476299131e-05,24.39453875943675,6.435329613433649e-06,0.0,-0.0015967227556351504,-2.9817746275522163e-06,0.99999999968496,2.5012515826652734e-05,2.1105006446932234e-06,0.3299999999992651,2.2626857717457157e-10,-8.845125408296479e-06,-1.80536013697095e-06,0.0,0.0,0.0,0.0,-6.647832485475845,-0.00016716891243328275,-13.339441027794456,1.005442947884236e-08,-0.00039983608159830655,0.0010604399231034468,1,0.9052039793303592,0.9052039798118419,0.1161466274914059,True,hold,407,0.11611616471348356,1,0.905147051275673,0.9051470517591934,0.11612177401747044,True,hold,407,0.11609025806300112,1,0.6314740893771241,0.6310914607852852,0.11360281221523028,True,hold,407,0.11698505718288808,1,0.6314088851761996,0.631026534631457,0.11360003843979347,True,hold,407,0.11697762041572178,True,True,0.0,1.0,False,-0.1161466274914059,-0.11612177401747044,-0.11360281221523028,-0.11360003843979347,0.0,0.0,0.0,0.0,407,407,407,407,True,0.0,-0.0,-1.6578556824242696e-05,-6.545744392527497e-06,1.6578556824242696e-05,0.0,0.26510405362569145,0.26510405362569145,-0.26510405362569145,1,1,1,1,1.0,False,407,0.0,-6.545744392527497e-06,94.24778204718146,94.24777521494357,1,12.025,0.0,24.00000481789455,0.25464790894703254,engaged,0.0,0.0,-0.0,-339.0510888493583,-0.0,0.0,433.2988681563556,-2.5498990040763987e-06,-2.0956460574019462e-05,-0.0008793927701899005,18.849559439381423,18.84955538929314,0.0,0.0,13.42936897942324,28.990711226048475
174,1.45,0,0.0,1,1,,,,-0.0007482512155547738,29.646692276000977,0.41861724853515625,0.0013900682097300887,12.898300170898438,-1.3647778034210205,-0.00011240862659178674,-0.8407748341560364,30.744869232177734,0.3299064636230469,0.36824995279312134,0.9297268390655518,1.0938764717138838e-05,5.387465989770135e-06,0.8392251133918762,30.744911193847656,0.3299064040184021,0.36812934279441833,0.9297745823860168,1.0939464118564501e-05,5.386046723288018e-06,-0.8407212495803833,28.544246673583984,0.3299064338207245,-0.16106407344341278,0.9869439601898193,1.215326483361423e-05,-9.8970417639066e-07,0.8392786979675293,28.544286727905273,0.3299064338207245,-0.16086827218532562,0.986975908279419,1.2153461284469813e-05,-9.872932196230977e-07,asphalt,0.0,0.0,1,899.9999655735066,1,-10.622506141662598,0.000416244292864576,70.83643066605009,160.01090378652734,-0.0,8317.677151403484,3454.3228485965155,-1.2678568964474835e-05,-0.00033538841280235403,True,-0.0,True,0,0,-0.0003875847323797643,12.898300170898438,0.08166211098432541,False,True,-0.8407739996910095,30.737010955810547,1.4901161193847656e-08,0.0,0.0,1.0,4206.494140625,4206.494140625,0.31252750754356384,0.08747249841690063,0.0,asphalt,True,0.8392259478569031,30.737051010131836,-7.450580596923828e-09,0.0,0.0,1.0,4206.36328125,4206.36328125,0.31253084540367126,0.08746916055679321,0.0,asphalt,True,-0.8407204151153564,28.536386489868164,2.2351741790771484e-08,0.0,0.0,1.0,1680.302490234375,1680.302490234375,0.36494114995002747,0.03505885601043701,0.0,asphalt,True,0.8392795324325562,28.53642463684082,-3.725290298461914e-09,0.0,0.0,1.0,1680.1605224609375,1680.1605224609375,0.3649444282054901,0.035055577754974365,0.0,asphalt,414,34.585772230743125,79.27024356396687,34.608332875787696,12.900310138294662,-6.30595691479953e-05,-0.11526895758553875,-4.888221172318971e-06,-4345.920881512063,0.1499102826665029,0.0,1484.0276119801924,1484.0276119801924,4205.53125,True,0.0,413,6.506863869899316e-05,-0.11512539204799005,-4.671891693870894e-06,True,414,compliant-rolling,-36.218410593332194,0.0012582097787484099,12.366896766501604,4463.859218707591,4464.779041403593,82733.00377550906,67724.53258132713,-0.028973431591122614,1.0148508093759503e-06,-0.11513266880223459,-4.851555186465559e-06,62.9594804396538,7.867290184803606e-07,53.906024013738296,2.458528182751303e-07,0.0,9.385715632938977e-05,-2.3173387398896644e-06,0.9999999997026374,2.4307993946470027e-05,1.9613439684314756e-06,0.3299999999993653,1.686193586543115e-10,-6.728911266379276e-06,-2.183007633305036e-06,0.0,0.0,0.0,0.0,-15.161680527983126,-0.00037015171290205227,30.42343676414019,1.2858888536637681e-08,-0.0005267093279372043,-0.0013718802276397359,34.586865778082334,79.26998913109368,34.609426423126905,12.900288739303512,-6.305957912282041e-05,-0.11523951615353972,-4.888230054122241e-06,-4345.650402374482,0.14994529740429924,0.0,1483.9342818506698,1483.9342818506698,4205.3994140625,True,0.0,413,6.506863869899316e-05,-0.11509595231916482,-4.671898471002639e-06,True,414,compliant-rolling,-36.216162853357,0.0012584512366461615,12.366119015422248,4463.733277855611,4464.654036310107,82730.6695923568,67722.72798981416,-0.028971630911301213,1.0150476649053087e-06,-0.11510325832706447,-4.85113689784099e-06,62.951654901823936,7.901666176518211e-07,53.88886908186728,2.4692706801601904e-07,0.0,9.423432069944773e-05,-2.3118523314970595e-06,0.9999999997026374,2.4307993946470027e-05,1.9613439684314756e-06,0.3299999999993653,1.6862465749040863e-10,-6.7291227274119134e-06,-2.1830761592997717e-06,0.0,0.0,0.0,0.0,-15.160738504125135,-0.00037012871467675745,-30.4216030486885,1.2861355317769235e-08,-0.0005268103690674908,-0.001372144691028721,34.38364889401789,78.19245973105389,34.40620953906246,12.900310137621133,-9.109001235975905e-05,-0.12043943021850191,-7.061071508087209e-06,-1914.2317615581787,0.0961964331230868,-0.0,690.1193238152533,690.1193238152533,1681.0084228515625,True,0.0,413,6.506863869899316e-05,-0.1202967037386337,-6.835150322364417e-06,True,414,compliant-rolling,-15.949155734181478,0.0008116223498458264,5.750994365127111,1955.6206386064214,1954.881493678901,36245.40151249043,31062.234043583885,-0.012755579136841439,6.597614890715756e-07,-0.12022732275193092,-7.049737362357438e-06,12.202859966363235,5.9244434812985826e-06,24.73903193554138,1.8513885879058397e-06,0.0,-0.000894891031962778,-2.7677902376495375e-06,0.9999999997026374,2.4307993946470027e-05,1.9613439684314756e-06,0.3299999999993653,1.6768501027748874e-10,-6.691615710686633e-06,-2.1710280732681894e-06,0.0,0.0,0.0,0.0,-6.6766049969247145,-0.00016300018796866413,13.397277818290902,8.29477107060351e-09,-0.00033975979211131103,0.0009011277030263429,34.38413161827933,78.19285882008519,34.406692263323905,12.900288739302344,-9.109004683551761e-05,-0.12042562276602217,-7.061085893099935e-06,-1914.057615273468,0.096202567296774,-0.0,690.0480993594394,690.0480993594394,1680.8631591796875,True,0.0,413,6.506863869899316e-05,-0.12028290044458281,-6.835164414292051e-06,True,414,compliant-rolling,-15.947709035421676,0.0008116666145065271,5.750400827995328,1955.4685431900427,1954.7328429375298,36242.58258159656,31059.9524328234,-0.012754423452479605,6.59795008230452e-07,-0.12021358087364382,-7.049666036995319e-06,12.200648853036842,5.917182987814613e-06,24.733992559633904,1.849119683692701e-06,0.0,-0.0008940974015274081,-2.7666839377937963e-06,0.9999999997026374,2.4307993946470027e-05,1.9613439684314756e-06,0.3299999999993653,1.676872802409442e-10,-6.691706311239148e-06,-2.1710572700124595e-06,0.0,0.0,0.0,0.0,-6.675998432105857,-0.00016298537951743263,-13.39608775737387,8.295222273816593e-09,-0.0003397782737196125,0.0009011791769776395,1,0.9052039793303592,0.9052039793955209,0.11544560706010656,True,hold,413,0.11493885637053657,1,0.905147051275673,0.9051470513411103,0.11541680941469801,True,hold,413,0.11490838412334681,1,0.6314740893771241,0.6314223062282731,0.11955114154407731,True,hold,413,0.12228643827875216,1,0.6314088851761996,0.6313571396569312,0.11953900075539844,True,hold,413,0.1222691838205744,True,True,0.0,1.0,False,-0.11544560706010656,-0.11541680941469801,-0.11955114154407731,-0.11953900075539844,0.0,0.0,0.0,0.0,413,413,413,413,True,0.0,-0.0,-1.3185956959205214e-05,-5.85363207643898e-06,1.3185956959205214e-05,0.0,0.23454850393750348,0.23454850393750348,-0.23454850393750348,1,1,1,1,1.0,False,413,0.0,-5.85363207643898e-06,94.2477832202434,94.24777600255985,1,12.025,0.0,24.000004028482053,0.25464790894703254,engaged,0.0,0.0,-0.0,-319.20571052143987,-0.0,0.0,413.4534901121535,-2.0156881264650435e-06,-1.8209919835605946e-05,-0.0007631290113789558,18.84955889830065,18.849555547137797,0.0,0.0,12.89830017672176,29.64669229019908
180,1.5,0,0.0,1,1,,,,-0.0007666824967600405,30.276111602783203,0.4186144471168518,0.0013596673961728811,12.36696720123291,-1.3682934045791626,-0.00010194910282734782,-0.8407926559448242,31.374286651611328,0.3299059569835663,0.9401848316192627,0.34066465497016907,3.21311881634756e-06,1.1478577107482124e-05,0.8392072916030884,31.374326705932617,0.3299059569835663,0.9401510953903198,0.34075790643692017,3.214257276340504e-06,1.1478259693831205e-05,-0.8407403230667114,29.17365837097168,0.3299058973789215,0.6258324980735779,0.7799575924873352,8.714400792086963e-06,8.132717994158156e-06,0.8392596244812012,29.17369842529297,0.3299058973789215,0.6259960532188416,0.779826283454895,8.712694580026437e-06,8.134546988003422e-06,asphalt,0.0,0.0,1,899.9999757571891,1,-10.623529434204102,0.00036624373751692474,65.15880752575215,160.02563849866206,-0.0,8318.460689138477,3453.5393108615226,-9.321191100752912e-06,-0.0002918036402851141,True,-0.0,True,0,0,-0.00035547223524190485,12.36696720123291,0.08173927664756775,False,True,-0.8407918810844421,31.36640739440918,7.450580596923828e-09,0.0,0.0,1.0,4210.689453125,4210.689453125,0.31245794892311096,0.08754205703735352,0.0,asphalt,True,0.8392081260681152,31.36644744873047,0.0,0.0,0.0,1.0,4210.576171875,4210.576171875,0.3124609887599945,0.08753901720046997,0.0,asphalt,True,-0.8407395482063293,29.165781021118164,-3.3527612686157227e-08,0.0,0.0,1.0,1676.2919921875,1676.2919921875,0.3650066554546356,0.03499335050582886,0.0,asphalt,True,0.8392603993415833,29.16581916809082,-1.1175870895385742e-08,0.0,0.0,1.0,1676.165771484375,1676.165771484375,0.3650096356868744,0.03499037027359009,0.0,asphalt,420,33.199882673757806,80.96227897724901,33.22230457781792,12.368961983827056,-5.4107994573752364e-05,-0.1142376137425172,-4.374497604904577e-06,-4345.029255750995,0.136886452609712,0.0,1484.0276118878216,1484.0276118878216,4210.158203125,True,0.0,419,3.1609146170527866e-05,-0.11408723059414602,-4.195779357253024e-06,True,420,compliant-rolling,-36.21112117660975,0.0011492906114023654,12.366896765731846,4468.279026185981,4468.7864613768015,82814.92032593791,67787.86168699178,-0.02896939223569885,9.287672209540959e-07,-0.11411792387695124,-4.392161467980457e-06,62.9419265526283,6.005381539955902e-07,51.22410997473001,1.8766817312374548e-07,0.0,0.00037957960383265836,-2.4286305334023907e-06,0.9999999997158363,2.377316194958647e-05,1.778840100491122e-06,0.3299999999994779,1.1799309580183193e-10,-4.778684290958233e-06,-2.2202037243644096e-06,0.0,0.0,0.0,0.0,-15.158504941569312,-0.00036154280147909833,30.417312160541368,1.1474865562252654e-08,-0.0004811098592411232,-0.0012530919350806694,33.20107169697674,80.96208190066776,33.22349360103686,12.368946237814187,-5.410799349206657e-05,-0.11420476333793396,-4.374503086310065e-06,-4344.756082239225,0.1369267320561329,0.0,1483.9342817579081,1483.9342817579081,4210.04833984375,True,0.0,419,3.1609146170527866e-05,-0.11405438056284421,-4.1957846906436526e-06,True,420,compliant-rolling,-36.20885077020376,0.001149586267873026,12.366119014649234,4468.174087043326,4468.678258821699,82812.9753876995,67786.35810934442,-0.028967572363229815,9.290080565841431e-07,-0.11408508946176277,-4.391831143736091e-06,62.93401871115088,6.010938554504047e-07,51.206135517743334,1.878418298284998e-07,0.0,0.0003797722452470155,-2.4244764314885504e-06,0.9999999997158363,2.377316194958647e-05,1.778840100491122e-06,0.3299999999994779,1.1799730051508578e-10,-4.778854584635894e-06,-2.220282788138919e-06,0.0,0.0,0.0,0.0,-15.157555595349073,-0.00036152015879148755,-30.415462390983706,1.1477818303141667e-08,-0.0004812336596242982,-0.0012534142772630493,32.781196447202895,79.86832495897826,32.80361835126301,12.36896198449512,-7.473364420703418e-05,-0.12540803010630291,-6.042030390246629e-06,-1918.4284071679479,0.07965219966952014,-0.0,690.1682611667266,690.1682611667266,1676.9013671875,True,0.0,419,3.1609146170527866e-05,-0.12525954340399226,-5.854510073484552e-06,True,420,compliant-rolling,-15.984914011236686,0.0006728099764301038,5.751402176389388,1951.319921079577,1950.6817222638826,36165.6921708753,30997.714399853903,-0.012785806884671232,5.483956609919458e-07,-0.12521447340555356,-6.065327450055719e-06,12.260764349463306,2.0587613552798802e-06,24.767566030065453,6.433629235251491e-07,0.0,-0.000557374467262959,-2.60714947927173e-06,0.9999999997158363,2.377316194958647e-05,1.778840100491122e-06,0.3299999999994779,1.1653707554053833e-10,-4.7197097330172705e-06,-2.1928881755978958e-06,0.0,0.0,0.0,0.0,-6.691518797446353,-0.00015959822301105786,13.427316197455518,6.717538585873744e-09,-0.0002816480965256795,0.0007470267298810204,32.782093106723295,79.86875896260334,32.80451501078341,12.368946237814587,-7.473366079881855e-05,-0.12538299405584846,-6.042039423652106e-06,-1918.2631481253622,0.07966375396492502,-0.0,690.0970011493034,690.0970011493034,1676.7784423828125,True,0.0,419,3.1609146170527866e-05,-0.12523450903100652,-5.854517489553691e-06,True,420,compliant-rolling,-15.983540986149439,0.0006728990552075454,5.750808342910862,1951.1911837228924,1950.5495283429939,36163.30615740695,30995.782951969963,-0.012784696189842817,5.484641907234071e-07,-0.12518933020228026,-6.065232048141096e-06,12.25863427255458,2.0764013016726108e-06,24.76051808848141,6.488754067726926e-07,0.0,-0.0005587196489397264,-2.6058746435860557e-06,0.9999999997158363,2.377316194958647e-05,1.778840100491122e-06,0.3299999999994779,1.1654018567678888e-10,-4.71983570738629e-06,-2.1929465020235193e-06,0.0,0.0,0.0,0.0,-6.690943552716584,-0.00015958450295146503,-13.42618612130994,6.718427497064671e-09,-0.0002816853661508115,0.0007471256449508798,1,0.9052039793303592,0.9052039793391778,0.11439386671269247,True,hold,419,0.11389897035610787,1,0.905147051275673,0.905147051284529,0.11436160590552885,True,hold,419,0.11386515616498058,1,0.6314740893771241,0.6314670812900075,0.12461433062433239,True,hold,419,0.12703165765922964,1,0.6314088851761996,0.6314018821816932,0.12459147959428427,True,hold,419,0.12700279173762036,True,True,0.0,1.0,False,-0.11439386671269247,-0.11436160590552885,-0.12461433062433239,-0.12459147959428427,0.0,0.0,0.0,0.0,419,419,419,419,True,0.0,-0.0,-9.782961569726467e-06,-5.0929342922804055e-06,9.782961569726467e-06,0.0,0.19638236170135315,0.19638236170135315,-0.19638236170135315,1,1,1,1,1.0,False,419,0.0,-5.0929342922804055e-06,94.24778411621635,94.24777706899256,1,12.025,0.0,24.000002838016673,0.25464790894703254,engaged,0.0,0.0,-0.0,-299.9361114923355,-0.0,0.0,394.18389170312787,-1.4857547120783445e-06,-1.743691606687383e-05,-0.0007293293149187601,18.849558111325067,18.849555843165216,0.0,0.0,12.366967206341702,30.276111617251214
186,1.55,0,0.0,1,1,,,,-0.0007835897849872708,30.878963470458984,0.41861486434936523,0.0013387653743848205,11.835693359375,-1.3717598915100098,-9.066823258763179e-05,-0.8408091068267822,31.977134704589844,0.3299054205417633,0.8944510817527771,-0.4471658170223236,-5.940190931141842e-06,1.0113042662851512e-05,0.8391908407211304,31.977174758911133,0.3299054801464081,0.8944800496101379,-0.44710785150527954,-5.939535640209215e-06,1.0113430107594468e-05,-0.8407576084136963,29.776504516601562,0.3299053907394409,0.9953714609146118,0.09610217809677124,3.3723387105055735e-07,1.1723728675860912e-05,0.8392423391342163,29.77654457092285,0.3299053907394409,0.995395302772522,0.09585536271333694,3.3432692703172506e-07,1.1723811439878773e-05,asphalt,0.0,0.0,1,899.9999838057178,1,-10.621418952941895,0.00031430416856892407,59.71865542404564,160.0041345459565,-0.0,8318.972873362314,3453.027126637686,-6.048089289834024e-06,-0.0002453847073284092,True,-0.0,True,0,0,-0.00032615906093269587,11.835693359375,0.08177093416452408,False,True,-0.8408083915710449,31.969236373901367,7.450580596923828e-09,0.0,0.0,1.0,4212.6875,4212.6875,0.31239262223243713,0.08760738372802734,0.0,asphalt,True,0.8391915559768677,31.969274520874023,3.725290298461914e-08,0.0,0.0,1.0,4212.59716796875,4212.59716796875,0.31239524483680725,0.08760476112365723,0.0,asphalt,True,-0.8407569527626038,29.768604278564453,-2.60770320892334e-08,0.0,0.0,1.0,1673.40087890625,1673.40087890625,0.36507448554039,0.03492552042007446,0.0,asphalt,True,0.8392430543899536,29.768644332885742,-4.0978193283081055e-08,0.0,0.0,1.0,1673.2908935546875,1673.2908935546875,0.3650771677494049,0.03492283821105957,0.0,asphalt,426,31.79980480341727,82.58466072688984,31.822430544186975,11.837703456931814,-4.530300128006249e-05,-0.11351592618502135,-3.827009305028097e-06,-4343.336900348894,0.12212420792369229,0.0,1484.0276118753204,1484.0276118753204,4212.4755859375,True,0.0,425,1.7819617322178026e-05,-0.11335834760768658,-3.6887018870703805e-06,True,426,compliant-rolling,-36.19661695895165,0.0010256338965380645,12.36689676562767,4470.492478707075,4470.694882742021,82855.94437414651,67819.57578042966,-0.02895802855703652,8.304474900265872e-07,-0.11338938813111124,-3.895105927686922e-06,62.89255639498393,5.909359240278384e-07,48.6907308567989,1.8466747625884186e-07,0.0,0.0003673832065838864,-2.442915580295797e-06,0.999999999724881,2.34037470299158e-05,1.5820056655879387e-06,0.3299999999995871,7.424055955420808e-11,-3.0109423469421204e-06,-2.241576987886393e-06,0.0,0.0,0.0,0.0,-15.15243434280709,-0.00035538723856110433,30.405131359661873,1.0069924453953306e-08,-0.00042934538038939785,-0.0011182430092773997,31.801051757724853,82.584524591476,31.823677498494558,11.837693223826017,-4.530300821605274e-05,-0.11348039845179969,-3.8270131992142765e-06,-4343.060971087281,0.12216485771000965,0.0,1483.9342817453542,1483.9342817453542,4212.3828125,True,0.0,425,1.7819617322178026e-05,-0.11332281896134384,-3.688704730647354e-06,True,426,compliant-rolling,-36.19432291372296,0.0010259419806370007,12.366119014544617,4470.403868325237,4470.608604648866,82854.30207256487,67818.30619782355,-0.028956190839783527,8.306995366489424e-07,-0.1133538824653739,-3.894868758201319e-06,62.88457414800189,5.911875694783042e-07,48.672389621743285,1.847461154623237e-07,0.0,0.00036765488024796537,-2.4400727873317153e-06,0.999999999724881,2.34037470299158e-05,1.5820056655879387e-06,0.3299999999995871,7.424345870579645e-11,-3.011059928844389e-06,-2.2416644903735206e-06,0.0,0.0,0.0,0.0,-15.15147510052859,-0.0003553647403633392,-30.40325625049072,1.0072950016111147e-08,-0.000429474379483829,-0.0011185795799538063,31.210747259506032,81.46496460835252,31.233373000275737,11.837703457606505,-5.8706464495866416e-05,-0.12993710034137015,-4.959278183105893e-06,-1921.629913098571,0.06370764047865272,-0.0,690.1748841170489,690.1748841170489,1673.7794189453125,True,0.0,425,1.7819617322178026e-05,-0.12978244068747027,-4.813060001335469e-06,True,426,compliant-rolling,-16.012070917296768,0.0005390576196810405,5.751457367642074,1948.0500576019033,1947.6535412220856,36105.088640569054,30948.654409563856,-0.01280778590904942,4.4087144857195224e-07,-0.12974340365032547,-5.0177878469263896e-06,12.302953506480938,1.5167196926010005e-06,24.60869238923928,4.739749039376829e-07,0.0,-0.00046202674115808736,-2.4230768071401136e-06,0.999999999724881,2.34037470299158e-05,1.5820056655879387e-06,0.3299999999995871,7.2882952364504e-11,-2.9558791410831676e-06,-2.200634322638585e-06,0.0,0.0,0.0,0.0,-6.702888029971588,-0.00015721043981864761,13.4501285716267,5.292599933847707e-09,-0.00022565743588619003,0.000598534906576023,31.212085342532436,81.46545523496552,31.23471108330214,11.837693225174645,-5.870646001292782e-05,-0.12989904645287353,-4.959282091176207e-06,-1921.4635712907184,0.06372298777691933,-0.0,690.1036192868854,690.1036192868854,1673.6663818359375,True,0.0,425,1.7819617322178026e-05,-0.12974438528967108,-4.813063799847447e-06,True,426,compliant-rolling,-16.010688499796416,0.0005391816060493712,5.750863494057379,1947.9316534563748,1947.5383311373278,36102.89414245899,30946.877825686304,-0.012806677978763118,4.409688173094877e-07,-0.1297053610840228,-5.017729129939637e-06,12.300825078464225,1.5182562587765419e-06,24.599424804954978,4.7445508086774525e-07,0.0,-0.0004618744762507189,-2.422334819503824e-06,0.999999999724881,2.34037470299158e-05,1.5820056655879387e-06,0.3299999999995871,7.288602411192149e-11,-2.9560037304386605e-06,-2.2007269266550805e-06,0.0,0.0,0.0,0.0,-6.702309329704558,-0.00015719686690454014,-13.44898850563078,5.293817262424218e-09,-0.00022570933840076514,0.0005986722218541921,1,0.9052039793303592,0.9052039793315527,0.11360935180081416,True,hold,425,0.1132971647557117,1,0.905147051275673,0.9051470512768716,0.1135743404765114,True,hold,425,0.11326059020794992,1,0.6314740893771241,0.6314731409356692,0.1292097893708279,True,hold,425,0.1314253534923549,1,0.6314088851761996,0.6314079374239546,0.12917406893741576,True,hold,425,0.13138252246549448,True,True,0.0,1.0,False,-0.11360935180081416,-0.1135743404765114,-0.1292097893708279,-0.12917406893741576,0.0,0.0,0.0,0.0,425,425,425,425,True,0.0,-0.0,-6.493291039078031e-06,-4.2827710769233985e-06,6.493291039078031e-06,0.0,0.17361019097711505,0.17361019097711505,-0.17361019097711505,1,1,1,1,1.0,False,425,0.0,-4.2827710769233985e-06,94.24778470756239,94.24777791183253,1,12.025,0.0,24.000001979326075,0.25464790894703254,engaged,0.0,0.0,-0.0,-281.05601719485503,-0.0,0.0,375.30379772653157,-9.700775344967601e-07,-1.8070060912407745e-05,-0.0007542336104433371,18.849557524657804,18.84955601865871,0.0,0.0,11.835693363869021,30.878963485164114
192,1.6,0,0.0,1,1,,,,-0.0007991126622073352,31.45525550842285,0.41861528158187866,0.0013269499177113175,11.304509162902832,-1.3744086027145386,-7.858683966333047e-05,-0.8408244252204895,32.55342483520508,0.32990503311157227,-0.32516083121299744,0.9456586837768555,1.1189044016646221e-05,-3.1223071346175857e-06,0.8391755223274231,32.553462982177734,0.32990503311157227,-0.32519689202308655,0.9456462860107422,1.1188924872840289e-05,-3.1227339150063926e-06,-0.8407734036445618,30.35279083251953,0.32990509271621704,0.7879942655563354,-0.6156824827194214,-7.679870577703696e-06,8.715680451132357e-06,0.8392265439033508,30.352828979492188,0.32990503311157227,0.7878180742263794,-0.6159079670906067,-7.682365321670659e-06,8.713483111932874e-06,asphalt,0.0,0.0,1,899.9999895706502,1,-10.620002746582031,0.00026160679408349097,54.51652291263142,159.98122365305386,-0.0,8319.216827511591,3452.783172488409,-2.9556488243542844e-06,-0.00019735986163446457,True,-0.0,True,0,0,-0.00029962186818011105,11.304509162902832,0.08172906935214996,False,True,-0.840823769569397,32.545509338378906,0.0,0.0,0.0,1.0,4213.17333984375,4213.17333984375,0.3123427927494049,0.08765721321105957,0.0,asphalt,True,0.8391761779785156,32.54554748535156,-2.2351741790771484e-08,0.0,0.0,1.0,4213.10009765625,4213.10009765625,0.31234511733055115,0.08765488862991333,0.0,asphalt,True,-0.8407727479934692,30.344877243041992,1.4901161193847656e-08,0.0,0.0,1.0,1672.10009765625,1672.10009765625,0.3651263415813446,0.03487366437911987,0.0,asphalt,True,0.8392271995544434,30.344913482666016,-1.1175870895385742e-08,0.0,0.0,1.0,1672.0057373046875,1672.0057373046875,0.3651287257671356,0.03487128019332886,0.0,asphalt,432,30.385314792768934,84.13664555452465,30.408316497286588,11.306549981799035,-3.689837637643192e-05,-0.11315530398346507,-3.263451400798554e-06,-4342.010901498177,0.106133798734212,0.0,1484.0276118736288,1484.0276118736288,4213.21826171875,True,0.0,431,1.4411138639703594e-05,-0.11299014576487962,-3.1622585680515223e-06,True,432,compliant-rolling,-36.18514575868943,0.0008916457707222011,12.366896765613573,4471.201821098436,4471.1589157995595,82869.09130012854,67829.73897212619,-0.02894859315429455,7.235894746868794e-07,-0.11301474419960024,-3.3749733474116752e-06,62.85157846023383,3.2846285584072234e-07,46.337365753277595,1.026446424500457e-07,0.0,0.0002780716460054884,-2.4046224688199203e-06,0.999999999730113,2.3192540095864446e-05,1.3712043159615401e-06,0.3299999999996898,3.7048016179738136e-11,-1.4609925775387669e-06,-2.222812664229374e-06,0.0,0.0,0.0,0.0,-15.147659290378046,-0.00035168558275067103,30.395500613346137,8.665958251896947e-09,-0.0003732566515740248,-0.0009721376059865301,30.38660968496489,84.13657311689582,30.409611389482542,11.3065449575547,-3.689837901207769e-05,-0.11311711635402336,-3.2634530840734236e-06,-4341.733328634914,0.10617205520222117,0.0,1483.934281743655,1483.934281743655,4213.14208984375,True,0.0,431,1.4411138639703594e-05,-0.1129519554391598,-3.1622591613980066e-06,True,432,compliant-rolling,-36.18283723215779,0.0008919397630679316,12.366119014530458,4471.129068608144,4471.088961409817,82867.7429081298,67828.69660585871,-0.028946741982992442,7.238316517271759e-07,-0.1129765447880811,-3.3748033126296754e-06,62.84354039654021,3.2782300649540467e-07,46.3187532413219,1.0244468953003195e-07,0.0,0.0002779688139528914,-2.4026925568552043e-06,0.999999999730113,2.3192540095864446e-05,1.3712043159615401e-06,0.3299999999996898,3.7049589063639935e-11,-1.461054605056543e-06,-2.22290702332964e-06,0.0,0.0,0.0,0.0,-15.146690748953866,-0.00035166309597244006,-30.39360321857506,8.668814346671067e-09,-0.0003733796681338764,-0.0009724607753309497,29.675364549449984,82.98393102869946,29.698366253967638,11.306549981799087,-4.348053246587655e-05,-0.1338763533461993,-3.845605647669337e-06,-1924.7372158797916,0.048550129154531156,-0.0,688.9852182109976,688.9852182109976,1672.1763916015625,True,0.0,431,1.4411138639703594e-05,-0.13371505403679637,-3.737817868295526e-06,True,432,compliant-rolling,-16.03869216075436,0.0004117717199601412,5.741543485091646,1946.3708432689116,1946.2909192936847,36073.9661434327,30923.45823493083,-0.012829147064740185,3.384129581328778e-07,-0.13368275203726068,-3.933476710114797e-06,12.344026089244126,1.2392731275305172e-06,24.271158121169925,3.8727285235306056e-07,0.0,-0.0003651561687640004,-2.2118145654005127e-06,0.999999999730113,2.3192540095864446e-05,1.3712043159615401e-06,0.3299999999996898,3.618824832606871e-11,-1.4270868791944872e-06,-2.171239048131226e-06,0.0,0.0,0.0,0.0,-6.714043067240523,-0.00015588099147539354,13.472491921358355,4.002033540239477e-09,-0.00017237397126737173,0.00045721355233723957,29.67717510138291,82.98450148308966,29.700176805900565,11.306544956869246,-4.348054061296941e-05,-0.1338231244994808,-3.8456080773232714e-06,-1924.5793689082675,0.048567246672527736,-0.0,688.9185522886343,688.9185522886343,1672.081787109375,True,0.0,431,1.4411138639703594e-05,-0.1336618196386145,-3.737819735028704e-06,True,432,compliant-rolling,-16.03737998093883,0.0004119150030584542,5.740987935738619,1946.2717374853673,1946.1920688166908,36072.12932045904,30921.97114067591,-0.01282808824691062,3.385273316968877e-07,-0.13362943131340707,-3.933482070029383e-06,12.341988613884537,1.2502230762253037e-06,24.259566950069363,3.906947113205002e-07,0.0,-0.0003661318716745322,-2.211853082005414e-06,0.999999999730113,2.3192540095864446e-05,1.3712043159615401e-06,0.3299999999996898,3.619042910020882e-11,-1.4271728812751003e-06,-2.1713698408403e-06,0.0,0.0,0.0,0.0,-6.713493768600389,-0.00015586823832266836,-13.471407842635323,4.0034261170906836e-09,-0.0001724339517747123,0.0004573730010689754,1,0.9052039793303592,0.9052039793305208,0.11319391749778478,True,hold,431,0.11305410256209032,1,0.905147051275673,0.9051470512758352,0.11315621796202172,True,hold,431,0.1130152207729036,1,0.6276313340349771,0.6303846601989072,0.1333843373843072,True,release,431,0.1353710213685883,1,0.6275809757447186,0.630323664442097,0.13333342982796578,True,release,431,0.135311637725924,True,True,0.0,1.0,False,-0.11319391749778478,-0.11315621796202172,-0.1333843373843072,-0.13333342982796578,0.0,0.0,0.0,0.0,431,431,431,431,True,0.0,-0.0,-3.361175004101824e-06,-3.4445793968018444e-06,3.361175004101824e-06,0.0,0.14485244310139933,0.14485244310139933,-0.14485244310139933,1,1,1,1,1.0,False,431,0.0,-3.4445793968018444e-06,94.24778507859503,94.24777851553483,1,12.025,0.0,24.000001298861598,0.25464790894703254,engaged,0.0,0.0,-0.0,-262.600207621318,-0.0,0.0,356.84798831178574,-4.823954495366768e-07,-1.9447896390560122e-05,-0.0008103892236398698,18.84955704537134,18.84955612895688,0.0,0.0,11.304509166873515,31.45525552333707
198,1.65,0,0.0,1,1,,,,-0.0008133872179314494,32.0049934387207,0.4186122417449951,0.0013234972720965743,10.773523330688477,-1.3755550384521484,-6.627874972764403e-05,-0.840838611125946,33.1031608581543,0.3299048840999603,0.3979664146900177,0.9174000024795532,1.0378310435044114e-05,5.132377737027127e-06,0.8391613364219666,33.10320281982422,0.3299048840999603,0.39796286821365356,0.9174014925956726,1.037832953443285e-05,5.132337719260249e-06,-0.8407877683639526,30.90252685546875,0.32990485429763794,-0.18324176967144012,0.9830678701400757,1.1473733138700482e-05,-1.5504962220802554e-06,0.83921217918396,30.902565002441406,0.32990485429763794,-0.18291549384593964,0.9831286072731018,1.1474247912701685e-05,-1.5466882814507699e-06,asphalt,0.0,0.0,1,899.9999970105687,1,-10.614022254943848,0.00021006519091315567,49.552874024882904,159.96138878270472,-0.0,8319.174502839716,3452.8254971602837,-1.760924703830824e-07,-0.00014901637408187962,True,-0.0,True,0,0,-0.00027576048159971833,10.773523330688477,0.0816243588924408,False,True,-0.8408380150794983,33.095237731933594,0.0,0.0,0.0,1.0,4211.22509765625,4211.22509765625,0.3123181164264679,0.08768188953399658,0.0,asphalt,True,0.8391618728637695,33.095279693603516,1.4901161193847656e-08,0.0,0.0,1.0,4211.16845703125,4211.16845703125,0.3123200833797455,0.087679922580719,0.0,asphalt,True,-0.8407871723175049,30.89460563659668,-1.4901161193847656e-08,0.0,0.0,1.0,1673.36669921875,1673.36669921875,0.36514583230018616,0.03485417366027832,0.0,asphalt,True,0.8392127752304077,30.894641876220703,-2.2351741790771484e-08,0.0,0.0,1.0,1673.294921875,1673.294921875,0.36514773964881897,0.03485226631164551,0.0,asphalt,438,28.957983906632364,85.61759111714242,28.98158663457632,10.775614995167459,-2.886342083506543e-05,-0.11317036721635555,-2.6785868693286443e-06,-4340.578446312233,0.08924805320260988,0.0,1484.0276118733996,1484.0276118733996,4211.63916015625,True,0.0,437,1.253923045062364e-05,-0.11299738831792631,-2.6156219408403363e-06,True,438,compliant-rolling,-36.17270700296825,0.0007507301436025175,12.366896765611664,4469.693579107036,4469.298087619598,82841.13759812874,67808.12933937013,-0.028938863701604842,6.110345578945765e-07,-0.11302069630621185,-2.839052343743633e-06,62.80933745350692,3.1813434823931254e-07,44.148117737384396,9.941698382458139e-08,0.0,0.0002511089284934524,-2.4071304815766e-06,0.9999999997318988,2.3127151060947236e-05,1.1564489572703135e-06,0.32999999999977936,6.511041458848634e-12,-1.75755201999013e-07,-2.051988973148663e-06,0.0,0.0,0.0,0.0,-15.142368149306268,-0.0003502220360133042,30.385055564268065,7.26852539312192e-09,-0.0003142654547329859,-0.0008184952721338515,28.959330002782494,85.61758491211349,28.98293273072645,10.775614654471058,-2.8863420204765147e-05,-0.11312911538214825,-2.6785868955252588e-06,-4340.299922846297,0.08916042859340072,0.0,1483.9342817434251,1483.9342817434251,4211.57958984375,True,0.0,437,1.253923045062364e-05,-0.11295613205240157,-2.6156220363217335e-06,True,438,compliant-rolling,-36.17039024183292,0.0007494845728417891,12.366119014528543,4469.636680807034,4469.243987066617,82840.08304711398,67807.31410989574,-0.028937008246014254,6.101736103955251e-07,-0.11297945908129699,-2.8351987799562234e-06,62.80128349516566,3.1790233196979946e-07,44.12920958588166,9.934447874037196e-08,0.0,0.00025131405584117884,-2.3656129659280425e-06,0.9999999997318988,2.3127151060947236e-05,1.1564489572703135e-06,0.32999999999977936,6.5113427477548105e-12,-1.7576333011643946e-07,-2.0520840170678856e-06,0.0,0.0,0.0,0.0,-15.141399400762452,-0.0003501996301990976,-30.3831463945622,7.256466366391702e-09,-0.00031374406486172046,-0.0008171367376823139,28.309320652783462,84.43042942260851,28.33292338072742,10.77561499516747,-2.9309699100638043e-05,-0.13303548617856803,-2.7200024419683015e-06,-1924.6855488238425,0.03502813295167596,-0.0,682.756030509547,682.756030509547,1673.0089111328125,True,0.0,437,1.253923045062364e-05,-0.13286638203352133,-2.6516988628395726e-06,True,438,compliant-rolling,-16.040245109959287,0.00029708801839079506,5.689633587579559,1947.2429499907987,1947.6177379472094,36090.12973757389,30936.54412029399,-0.012832239900647158,2.456836872225831e-07,-0.1328803455628758,-2.82104195753809e-06,12.349978569609108,1.0212347530734302e-07,23.032974050976144,3.191358603361928e-08,0.0,0.00015043627323127741,-1.8244201317115067e-06,0.9999999997318988,2.3127151060947236e-05,1.1564489572703135e-06,0.32999999999977936,6.364160635389356e-12,-1.7178685650617207e-07,-2.0057672270287294e-06,0.0,0.0,0.0,0.0,-6.714656824883429,-0.00015530072714874785,13.473797694015769,2.8763890431215585e-09,-0.00012436493810435973,0.00032987770668306993,28.31110735133234,84.43109129258833,28.334710079276295,10.775614655174472,-2.9309699807653924e-05,-0.1329807417113734,-2.7200025934026013e-06,-1924.5418676950535,0.03511667293313012,-0.0,682.7136386515213,682.7136386515213,1672.9315185546875,True,0.0,437,1.253923045062364e-05,-0.13281163036632485,-2.651698873141312e-06,True,438,compliant-rolling,-16.03904863172591,0.0002987034683752546,5.68928032209601,1947.1618791430958,1947.5425508319274,36088.627173442605,30935.3276730181,-0.012831271586916812,2.467322245081434e-07,-0.13282544854600767,-2.8274224919799495e-06,12.34811479485716,1.0119419641493576e-07,23.02172309410639,3.162318637972971e-08,0.0,0.00014887034246832906,-1.8931607430913838e-06,0.9999999997318988,2.3127151060947236e-05,1.1564489572703135e-06,0.32999999999977936,6.364563025405547e-12,-1.7179772064435123e-07,-2.00589399850827e-06,0.0,0.0,0.0,0.0,-6.714155485413117,-0.00015528913186006543,-13.472808215465784,2.892029530718643e-09,-0.000125041177737724,0.0003316705266856719,1,0.9052039793303592,0.905203979330381,0.1131372522706858,True,hold,437,0.11320390010788159,1,0.905147051275673,0.905147051275695,0.11309649861734875,True,hold,437,0.11316195469090155,1,0.6237932337270081,0.6246852862955159,0.13340678168250245,True,hold,437,0.13246034229153966,1,0.6237579236162122,0.6246465000105415,0.13335172187372726,True,hold,437,0.13240595385142281,True,True,0.0,1.0,False,-0.1131372522706858,-0.11309649861734875,-0.13340678168250245,-0.13335172187372726,0.0,0.0,0.0,0.0,437,437,437,437,True,0.0,-0.0,-5.288607667353062e-07,-2.6008263671123413e-06,5.288607667353062e-07,0.0,0.11536214868260686,0.11536214868260686,-0.11536214868260686,1,1,1,1,1.0,False,437,0.0,-2.6008263671123413e-06,94.24778523459528,94.24777929464128,1,12.025,0.0,24.000000504571258,0.25464790894703254,engaged,0.0,0.0,-0.0,-246.1809872914931,-0.0,0.0,340.42876825129105,-4.397683825108091e-08,-2.1792346812819224e-05,-0.0009074844323239577,18.849556498525647,18.84955628293385,0.0,0.0,10.773523334217677,32.00499345382026
204,1.7,0,0.0,1,1,,,,-0.0008265442447736859,32.52819061279297,0.4186045527458191,0.0013272932264953852,10.242815971374512,-1.3750547170639038,-5.519067053683102e-05,-0.8408518433570862,33.62635803222656,0.3299049437046051,0.8974495530128479,0.44111713767051697,4.6823633965686895e-06,1.0617760381137487e-05,0.8391481041908264,33.62639617919922,0.3299049437046051,0.8974612951278687,0.44109317660331726,4.682080543716438e-06,1.061788498191163e-05,-0.8408008813858032,31.425724029541016,0.3299050033092499,0.4846099615097046,0.8747303485870361,9.908617357723415e-06,6.039924301148858e-06,0.8391990661621094,31.425764083862305,0.3299050033092499,0.4849368929862976,0.874549150466919,9.906358172884211e-06,6.043628673069179e-06,asphalt,0.0,0.0,1,900.0000038384475,1,-10.609637260437012,0.00015895089018158615,44.828628192625835,160.00361192076537,-0.0,8318.77017113381,3453.2298288661896,2.2537876702699577e-06,-0.0001020709980565713,True,-0.0,True,0,0,-0.00025447679217904806,10.242815971374512,0.08158959448337555,False,True,-0.8408513069152832,33.618438720703125,-1.4901161193847656e-08,0.0,0.0,1.0,4209.24609375,4209.24609375,0.31232014298439026,0.08767986297607422,0.0,asphalt,True,0.8391486406326294,33.61848068237305,-7.450580596923828e-09,0.0,0.0,1.0,4209.18701171875,4209.18701171875,0.3123217523097992,0.08767825365066528,0.0,asphalt,True,-0.8408003449440002,31.41780662536621,3.725290298461914e-08,0.0,0.0,1.0,1677.21630859375,1677.21630859375,0.3651285469532013,0.034871459007263184,0.0,asphalt,True,0.8391996026039124,31.4178466796875,2.2351741790771484e-08,0.0,0.0,1.0,1677.17626953125,1677.17626953125,0.36513009667396545,0.03486990928649902,0.0,asphalt,444,27.5216035215786,87.02690269324745,27.545628296958196,10.244942802528584,-2.1546930315169356e-05,-0.11350123303029643,-2.103177219283208e-06,-4340.254640888376,0.07164541986006522,0.0,1484.0276118733689,1484.0276118733689,4209.5234375,True,0.0,443,3.260065030966504e-05,-0.11331965972436356,-2.0725694255944035e-06,True,444,compliant-rolling,-36.169706888781604,0.0006024758137034989,12.366896765611408,4467.672707359671,4467.407789802499,82803.68283494895,67779.17426823628,-0.028935415172159275,4.921662334576206e-07,-0.11332528657279542,-2.285353587539113e-06,62.794368857058956,8.078407032282685e-08,42.08526782742057,2.5245021975762965e-08,0.0,5.763493551449546e-05,-2.1795151585778723e-06,0.9999999997306772,2.3188751577557255e-05,9.629815164906527e-07,0.329999999999847,-1.7800719240123754e-11,8.430749703189395e-07,-1.7415767592868694e-06,0.0,0.0,0.0,0.0,-15.140853556359836,-0.00035081313052140613,30.382538149284994,5.8434652765823275e-09,-0.0002521999444060379,-0.0006568598419734969,27.522943212041056,87.02696425203258,27.54696798742065,10.244946555469735,-2.1546937027055692e-05,-0.11345840500063996,-2.1031771039859744e-06,-4339.967133575204,0.07164062402904157,0.0,1483.934281743394,1483.934281743394,4209.4609375,True,0.0,443,3.260065030966504e-05,-0.11327682585866604,-2.072568488203976e-06,True,444,compliant-rolling,-36.16731188573297,0.0006024084352132264,12.366119014528284,4467.613007780828,4467.351354674828,82802.57636513442,67778.31888099445,-0.028933497167259462,4.920684063158072e-07,-0.11328243382142374,-2.2843881678827426e-06,62.786044392745694,8.124989612071864e-08,42.06658143258532,2.5390592537791268e-08,0.0,5.7441513716185e-05,-2.169636918329498e-06,0.9999999997306772,2.3188751577557255e-05,9.629815164906527e-07,0.329999999999847,-1.78015851033706e-11,8.431159785835559e-07,-1.7416614587077995e-06,0.0,0.0,0.0,0.0,-15.13985099389678,-0.0003507899011786944,-30.380555738878087,5.842811766749501e-09,-0.00025217173937089067,-0.0006567859123694613,27.006784337031966,85.8108352431605,27.03080911241156,10.244942801812439,-1.663095218367423e-05,-0.13008408112930142,-1.6233328487414716e-06,-1924.8437138527063,0.0223506933532054,-0.0,681.9130016276371,681.9130016276371,1676.6636962890625,True,0.0,443,3.260065030966504e-05,-0.1299059043931243,-1.588387419863312e-06,True,444,compliant-rolling,-16.04212981734678,0.00019171556347772083,5.682608346896975,1951.071010959317,1951.6497503189566,36161.078879794586,30993.97999237548,-0.012833480539550149,1.6072364826016498e-07,-0.12992331821539024,-1.7600051599119157e-06,12.352366708863334,2.0726947168816288e-07,21.422956957041116,6.477170990241947e-08,0.0,0.00017836707981587098,-1.7578538858193467e-06,0.9999999997306772,2.3188751577557255e-05,9.629815164906527e-07,0.329999999999847,-1.7465079491122664e-11,8.271758619460231e-07,-1.708678343937448e-06,0.0,0.0,0.0,0.0,-6.715329611558146,-0.00015559398911987093,13.475382538640412,1.8594656468623433e-09,-8.025325907949944e-05,0.00021287452623659976,27.00853868963334,85.81158536640051,27.032563465012935,10.244946554753588,-1.6630954634746587e-05,-0.13002789034176257,-1.6233324933271932e-06,-1924.7231801357766,0.02236471435607963,-0.0,681.8738949069839,681.8738949069839,1676.61767578125,True,0.0,443,3.260065030966504e-05,-0.12984970497946907,-1.588387103625027e-06,True,444,compliant-rolling,-16.041128905281504,0.0001918597835584009,5.682282457558199,1951.022813779456,1951.6078188833492,36160.18559502281,30993.25688529554,-0.012832669126624705,1.6087202545258844e-07,-0.12986700376656674,-1.760808812033783e-06,12.350804770448,2.0863877519372117e-07,21.41235293150885,6.519961724795568e-08,0.0,0.00017718885792909043,-1.766089461808641e-06,0.9999999997306772,2.3188751577557255e-05,9.629815164906527e-07,0.329999999999847,-1.7466212468591044e-11,8.272295201771419e-07,-1.7087891525258394e-06,0.0,0.0,0.0,0.0,-6.7149115800241255,-0.000155584303341552,-13.474553954223914,1.860864714725071e-09,-8.031364188670362e-05,0.00021303444680709357,1,0.9052039793303592,0.9052039793303622,0.11344319237321347,True,hold,443,0.11362269073753241,1,0.905147051275673,0.905147051275676,0.11340044825160643,True,hold,443,0.1135799770009815,1,0.6237932337270081,0.623913959914029,0.13063261480585936,True,hold,443,0.12902683495305875,1,0.6237579236162122,0.6238781793542161,0.13057676860722367,True,hold,443,0.12897059582107379,True,True,0.0,1.0,False,-0.11344319237321347,-0.11340044825160643,-0.13063261480585936,-0.13057676860722367,0.0,0.0,0.0,0.0,443,443,443,443,True,0.0,-0.0,1.9254487142461585e-06,-1.7814749868839025e-06,-1.9254487142461585e-06,0.0,0.09113975498257787,0.09113975498257787,-0.09113975498257787,1,1,1,1,1.0,False,443,0.0,-1.7814749868839025e-06,94.24778509771222,94.24778000965507,1,12.025,0.0,23.999999578000697,0.2546479080918832,engaged,0.0,0.0,-0.0,-230.52353930191586,-0.0,0.0,324.7713205826608,3.3746524748402817e-07,-2.3574087174827004e-05,-0.000982214878087656,18.849555857969943,18.8495563939762,0.0,0.0,10.242815974535675,32.52819062805796
210,1.75,0,0.0,1,1,,,,-0.0008387077832594514,33.02485656738281,0.4185980260372162,0.0013379541924223304,9.712346076965332,-1.3736549615859985,-4.401375190354884e-05,-0.8408643007278442,34.123023986816406,0.329905241727829,0.977632462978363,-0.21032077074050903,-2.8330041459412314e-06,1.1342932339175604e-05,0.8391356468200684,34.12306594848633,0.3299051821231842,0.9776188135147095,-0.21038420498371124,-2.833740154528641e-06,1.134275044023525e-05,-0.8408128619194031,31.922393798828125,0.3299051821231842,0.9182516932487488,0.3959972858428955,4.27465965913143e-06,1.0881883099500556e-05,0.8391870856285095,31.92243194580078,0.3299051821231842,0.9184193015098572,0.39560842514038086,4.270050794730196e-06,1.088369117496768e-05,asphalt,0.0,0.0,1,900.0000040873311,1,-10.603493690490723,0.00011137814726680517,40.342838943661555,160.02961708662502,-0.0,8318.187841284775,3453.8121587152255,4.613307282852475e-06,-5.756106505542391e-05,True,-0.0,True,0,0,-0.0002355805190745741,9.712346076965332,0.08166812360286713,False,True,-0.8408638834953308,34.1151123046875,7.450580596923828e-09,0.0,0.0,1.0,4207.45849609375,4207.45849609375,0.31234028935432434,0.08765971660614014,0.0,asphalt,True,0.8391360640525818,34.11515426635742,-2.2351741790771484e-08,0.0,0.0,1.0,4207.4111328125,4207.4111328125,0.3123416602611542,0.0876583456993103,0.0,asphalt,True,-0.8408124446868896,31.91448402404785,-1.862645149230957e-08,0.0,0.0,1.0,1679.68408203125,1679.68408203125,0.36509498953819275,0.03490501642227173,0.0,asphalt,True,0.8391875624656677,31.914522171020508,-1.4901161193847656e-08,0.0,0.0,1.0,1679.6566162109375,1679.6566162109375,0.3650963008403778,0.03490370512008667,0.0,asphalt,450,26.086376620770206,88.36442815989075,26.1105695203621,9.714485660648334,-1.569629082516204e-05,-0.11384868066426175,-1.6157613870110782e-06,-4340.428184044918,0.056171768173880136,0.0,1484.0276118733648,1484.0276118733648,4207.76171875,True,0.0,449,5.2264608161446787e-05,-0.11365759398583088,-1.6140605391367656e-06,True,450,compliant-rolling,-36.17120157309036,0.0004720195051299569,12.366896765611372,4465.9898915120075,4465.700242321084,82772.49358747117,67755.06231028012,-0.028936685268472463,3.8632619824839195e-07,-0.11366527553649575,-1.797039324281616e-06,62.79988158569094,7.43499595177439e-08,40.032367040055924,2.3234362349238438e-08,0.0,7.460622595065685e-05,-1.7771615633786529e-06,0.999999999726624,2.3370119372862433e-05,7.67964138293942e-07,0.32999999999990276,-3.894529850017749e-11,1.7262479000066661e-06,-1.661077232373924e-06,0.0,0.0,0.0,0.0,-15.141222679385562,-0.00035327008723655867,30.38379592066013,4.610031309512026e-09,-0.00019758681286117532,-0.0005146330252599551,26.08771980692578,88.36455667211435,26.111912706517675,9.714493386005334,-1.5696303387345675e-05,-0.11380375751915263,-1.615761395230765e-06,-4340.146464422022,0.056186125060732534,0.0,1483.9342817433899,1483.9342817433899,4207.71435546875,True,0.0,449,5.2264608161446787e-05,-0.11361266341793222,-1.6140587527117332e-06,True,450,compliant-rolling,-36.168857386286305,0.0004721250050445638,12.366119014528248,4465.944648539227,4465.6549990222575,82771.65505586559,67754.41404660775,-0.028934807393292607,3.864072616773422e-07,-0.11362034891060943,-1.7968111478259331e-06,62.79173092771883,7.508899571651319e-08,40.014000267033964,2.3465311161295053e-08,0.0,7.464457186814308e-05,-1.7749641908688022e-06,0.999999999726624,2.3370119372862433e-05,7.67964138293942e-07,0.32999999999990276,-3.894729884463037e-11,1.726336564327971e-06,-1.6611625262699406e-06,0.0,0.0,0.0,0.0,-15.140241405530713,-0.0003532471924738538,-30.381851722868312,4.611061686232061e-09,-0.00019763097500205665,-0.0005147475537726202,25.705683119151736,87.1263205359096,25.72987601874363,9.714485661369384,-5.577807068827097e-06,-0.12678079673836268,-5.741742036850379e-07,-1923.1031056804882,0.009709979107409668,-0.0,681.7989100751272,681.7989100751272,1679.368408203125,True,0.0,449,5.2264608161446787e-05,-0.12659249863144614,-5.690272403009776e-07,True,450,compliant-rolling,-16.027877729502006,8.599202146449217e-05,5.681657583959393,1953.9034177630624,1954.233965446847,36213.574604078625,31036.47313126278,-0.012823455048432974,7.61857831162469e-08,-0.1266352431596538,-7.459031820335934e-07,12.333074953873906,8.688491102960883e-07,19.785135380139437,2.715153469673251e-07,0.0,0.0004151515844577471,-1.7178883600273677e-06,0.999999999726624,2.3370119372862433e-05,7.67964138293942e-07,0.32999999999990276,-3.837080107304042e-11,1.7007823184480952e-06,-1.6365443467483875e-06,0.0,0.0,0.0,0.0,-6.709250396676712,-0.0001565380500052246,13.463411753506673,8.398506391948415e-10,-3.599615706199939e-05,9.548165829965311e-05,25.70742747927414,87.12715818825657,25.731620378866037,9.714493386005653,-5.577801942850143e-06,-0.12672223542002523,-5.741732194583311e-07,-1922.9826938579183,0.009711202536134977,-0.0,681.7602479494708,681.7602479494708,1679.3345947265625,True,0.0,449,5.2264608161446787e-05,-0.1265339269827141,-5.690262998576635e-07,True,450,compliant-rolling,-16.02687900024594,8.601874727429419e-05,5.6813353995789235,1953.8680107015434,1954.2052057443163,36212.91837089322,31035.941958507003,-0.012822662411526114,7.62100845392561e-08,-0.12657682759546116,-7.461514502753977e-07,12.33155034943295,8.762281614455831e-07,19.77481180012402,2.7382130045189706e-07,0.0,0.0004166678709987956,-1.7203101447534363e-06,0.999999999726624,2.3370119372862433e-05,7.67964138293942e-07,0.32999999999990276,-3.837340139419907e-11,1.7008975768731067e-06,-1.6366552356474943e-06,0.0,0.0,0.0,0.0,-6.708832807446031,-0.00015652830694899488,-13.462583065429046,8.401117196000619e-10,-3.6007347017490924e-05,9.55114237725957e-05,1,0.9052039793303592,0.9052039793303597,0.1137892341978834,True,hold,449,0.11396501741076596,1,0.905147051275673,0.9051470512756734,0.11374473341229527,True,hold,449,0.11391938582802472,1,0.6237932337270081,0.6238095722397227,0.12731434614224388,True,hold,449,0.125681379819522,1,0.6237579236162122,0.6237741984605758,0.12725611443540885,True,hold,449,0.12562146090398488,True,True,0.0,1.0,False,-0.1137892341978834,-0.11374473341229527,-0.12731434614224388,-0.12725611443540885,0.0,0.0,0.0,0.0,449,449,449,449,True,0.0,-0.0,4.297485247661825e-06,-1.0046301061717995e-06,-4.297485247661825e-06,0.0,0.06825893304517194,0.06825893304517194,-0.06825893304517194,1,1,1,1,1.0,False,449,0.0,-1.0046301061717995e-06,94.2477848967622,94.24778003571811,1,12.025,0.0,23.999999405405713,0.25464790774213264,engaged,0.0,0.0,-0.0,-214.8802434902109,-0.0,0.0,309.1280245030716,7.085973552625907e-07,-2.4333499138046974e-05,-0.0010148420515061808,18.849555688497908,18.84955630025445,0.0,0.0,9.712346079822426,33.024856582796765
216,1.8,0,0.0,1,1,,,,-0.0008499904070049524,33.49501419067383,0.41859567165374756,0.00135527562815696,9.182256698608398,-1.3720030784606934,-3.270628076279536e-05,-0.8408758640289307,34.59318542480469,0.3299053907394409,0.6638834476470947,-0.7478359937667847,-9.039203177962918e-06,7.642910532013047e-06,0.8391240835189819,34.593223571777344,0.3299053907394409,0.6638092398643494,-0.7479018568992615,-9.039961696544196e-06,7.642012860742398e-06,-0.8408238291740417,32.392555236816406,0.3299054205417633,0.9763798117637634,-0.21606115996837616,-2.835428858816158e-06,1.149267700384371e-05,0.8391761183738708,32.39259719848633,0.3299054205417633,0.9762799739837646,-0.2165118157863617,-2.840733259290573e-06,1.1491366421978455e-05,asphalt,0.0,0.0,1,900.0000085596774,1,-10.595476150512695,6.655720062553883e-05,36.09631447760921,160.02233849388378,-0.0,8317.292504048208,3454.707495951792,6.901143933646381e-06,-1.5871917779104425e-05,True,-0.0,True,0,0,-0.000218851026147604,9.182256698608398,0.08174563199281693,False,True,-0.840875506401062,34.58528518676758,-4.470348358154297e-08,0.0,0.0,1.0,4205.78173828125,4205.78173828125,0.31236961483955383,0.08763039112091064,0.0,asphalt,True,0.8391244411468506,34.585323333740234,-7.450580596923828e-09,0.0,0.0,1.0,4205.75341796875,4205.75341796875,0.31237056851387024,0.08762943744659424,0.0,asphalt,True,-0.8408234119415283,32.38465118408203,2.60770320892334e-08,0.0,0.0,1.0,1680.9644775390625,1680.9644775390625,0.3650607764720917,0.0349392294883728,0.0,asphalt,True,0.8391764760017395,32.38469314575195,2.2351741790771484e-08,0.0,0.0,1.0,1680.9522705078125,1680.9522705078125,0.3650617301464081,0.034938275814056396,0.0,asphalt,456,24.65282591141454,89.63023847371895,24.677004032766323,9.184392988794565,-1.0850821300154072e-05,-0.1142111884050342,-1.1814413117325868e-06,-4340.6645699669025,0.04272254000962878,0.0,1484.027611873364,1484.027611873364,4206.03173828125,True,0.0,455,6.0264301314249e-05,-0.1140094429172276,-1.2169861343005932e-06,True,456,compliant-rolling,-36.17320531607707,0.0003585204658037702,12.366896765611367,4464.337323903326,4464.098505238688,82741.86495975028,67731.3832681533,-0.028938161435997232,2.9423803879321443e-07,-0.11401593861242264,-1.3708871782665284e-06,62.806289053681006,1.0030065671069891e-07,37.97166974733412,3.134395522210586e-08,0.0,5.964543268223329e-05,-1.413165809353386e-06,0.9999999997197574,2.3667689259848848e-05,5.706686235712357e-07,0.3299999999999463,-5.7725051404106186e-11,2.482339042448425e-06,-1.4664644008174796e-06,0.0,0.0,0.0,0.0,-15.14195040506841,-0.0003575040996441557,30.385483166415177,3.5433004958013566e-09,-0.00015007514719714217,-0.00039089020820560545,24.654199266415674,89.63043481679938,24.67837738776746,9.184404568880147,-1.0850809911271803e-05,-0.11416295995028729,-1.1814385820974122e-06,-4340.384490063554,0.04273592541710899,0.0,1483.9342817433892,1483.9342817433892,4206.0009765625,True,0.0,455,6.0264301314249e-05,-0.11396120505566171,-1.2169834691078635e-06,True,456,compliant-rolling,-36.17087682395077,0.0003586154375198288,12.366119014528243,4464.307938089539,4464.0714514723195,82741.32032415048,67730.96220507534,-0.028936301620485747,2.943168519449027e-07,-0.11396782136330884,-1.3707140528658248e-06,62.79821636687614,1.0028663867658125e-07,37.95328097040191,3.133957458632869e-08,0.0,6.075300930779821e-05,-1.4116023746264187e-06,0.9999999997197574,2.3667689259848848e-05,5.706686235712357e-07,0.3299999999999463,-5.772825724492856e-11,2.4824769021379882e-06,-1.4665458251838019e-06,0.0,0.0,0.0,0.0,-15.140976786111079,-0.00035748111233014225,-30.38354610496443,3.5442393649263645e-09,-0.00015011491264246677,-0.00039099321021250465,24.38254604295635,88.37620818388531,24.406724164308134,9.184392986632945,4.319835203923407e-06,-0.12392248394805612,4.7034520519866893e-07,-1920.1783097447149,-0.003320106621252302,-0.0,681.7834694625534,681.7834694625534,1680.8126220703125,True,0.0,455,6.0264301314249e-05,-0.12372295049332742,4.3692173333572676e-07,True,456,compliant-rolling,-16.003445443009753,-2.293054960383377e-05,5.681528912187945,1955.4156290143087,1955.5746266863528,36241.601872195504,31059.158655422387,-0.01280447262485959,-1.0685049610447657e-08,-0.12377659542933643,2.4989355174643867e-07,12.296588940066961,1.4652154397551394e-06,18.255044633873908,4.5787982492331193e-07,0.0,0.0004925839842235291,-1.7173491796851536e-06,0.9999999997197574,2.3667689259848848e-05,5.706686235712357e-07,0.3299999999999463,-5.708454494125794e-11,2.4547951188060866e-06,-1.450179063080754e-06,0.0,0.0,0.0,0.0,-6.698974899882995,-0.00015816397003386227,13.442890724140248,-2.266253709750311e-10,9.598631543665568e-06,-2.5460779236924708e-05,24.38431105068815,88.37713360944527,24.408489172039936,9.184404568159245,4.319820037950898e-06,-0.12386017111847042,4.703429608193279e-07,-1920.0623785201294,-0.0033290136933409966,-0.0,681.7448675062869,681.7448675062869,1680.7982177734375,True,0.0,455,6.0264301314249e-05,-0.12366062489113022,4.3692233499085884e-07,True,456,compliant-rolling,-16.002484818001836,-2.2994927690276937e-05,5.681207229219058,1955.4005471669686,1955.5618455760975,36241.322345787565,31058.93240903413,-0.012803707025860617,-1.0748986771504311e-08,-0.12371438861559313,2.499688263529801e-07,12.295118520314105,1.4709696521637471e-06,18.244822862463007,4.5967801630115065e-07,0.0,0.0004936753589631385,-1.71666567761535e-06,0.9999999997197574,2.3667689259848848e-05,5.706686235712357e-07,0.3299999999999463,-5.7088667161344674e-11,2.4549723853417976e-06,-1.450283766192618e-06,0.0,0.0,0.0,0.0,-6.698572309386985,-0.00015815446480177845,-13.442090816280789,-2.272616111418033e-10,9.625579254364733e-06,-2.5532295914881478e-05,1,0.9052039793303592,0.9052039793303593,0.11415179438205951,True,hold,455,0.11433238422769877,1,0.905147051275673,0.9051470512756731,0.11410414838626555,True,hold,455,0.11428261337143707,1,0.6237932337270081,0.623795444904254,0.12435081990670846,True,hold,455,0.12300295136258332,1,0.6237579236162122,0.6237601261768838,0.12428913114766807,True,hold,455,0.12293888990873443,True,True,0.0,1.0,False,-0.11415179438205951,-0.11410414838626555,-0.12435081990670846,-0.12428913114766807,0.0,0.0,0.0,0.0,455,455,455,455,True,0.0,-0.0,6.596687398996437e-06,-2.7701722385119824e-07,-6.596687398996437e-06,0.0,0.03719257930902131,0.03719257930902131,-0.03719257930902131,1,1,1,1,1.0,False,455,0.0,-2.7701722385119824e-07,94.24778465343289,94.24778050406113,1,12.025,0.0,23.999998887294964,0.25464790669222076,engaged,0.0,0.0,-0.0,-198.96979778974722,-0.0,0.0,293.21757880093605,1.0677376717355074e-06,-2.434642928103525e-05,-0.0010167543719175843,18.849555300553416,18.849556260495326,0.0,0.0,9.18225670121646,33.49501420622316
222,1.8499999999999999,0,0.0,1,1,,,,-0.0008604949107393622,33.93867492675781,0.4185962677001953,0.0013791928067803383,8.652563095092773,-1.3705317974090576,-2.228973426099401e-05,-0.8408868908882141,35.03684616088867,0.32990562915802,-0.1285489946603775,0.9917031526565552,1.1965477824560367e-05,-1.3549330333262333e-06,0.8391130566596985,35.036888122558594,0.32990556955337524,-0.1284203678369522,0.9917197823524475,1.1965655176027212e-05,-1.3533810943044955e-06,-0.8408339023590088,32.83621597290039,0.32990559935569763,0.6900388598442078,-0.7237723469734192,-8.848677680362016e-06,8.167585292540025e-06,0.8391660451889038,32.83625793457031,0.3299056589603424,0.6896715760231018,-0.7241222262382507,-8.85281951923389e-06,8.16309420770267e-06,asphalt,0.0,0.0,1,900.0000113046683,1,-10.587563514709473,2.5319051928818226e-05,32.08879788370948,160.0048247430343,-0.0,8316.136307479535,3455.8636925204646,9.238345228368416e-06,2.245596312279254e-05,True,-0.0,True,0,0,-0.00020408653654158115,8.652563095092773,0.08177420496940613,False,True,-0.8408865928649902,35.028953552246094,2.9802322387695312e-08,0.0,0.0,1.0,4204.62255859375,4204.62255859375,0.31239834427833557,0.0876016616821289,0.0,asphalt,True,0.8391134142875671,35.028995513916016,-1.4901161193847656e-08,0.0,0.0,1.0,4204.6044921875,4204.6044921875,0.3123990595340729,0.0876009464263916,0.0,asphalt,True,-0.8408335447311401,32.82832336425781,-7.450580596923828e-09,0.0,0.0,1.0,1681.46142578125,1681.46142578125,0.3650330603122711,0.03496694564819336,0.0,asphalt,True,0.8391663432121277,32.828365325927734,4.0978193283081055e-08,0.0,0.0,1.0,1681.464111328125,1681.464111328125,0.36503365635871887,0.034966349601745605,0.0,asphalt,462,23.222596095001958,90.82445086265524,23.246650618659476,8.65468647918132,-7.353031623107814e-06,-0.11453098505828468,-8.496011543333915e-07,-4341.088761683178,0.0318015747285572,0.0,1484.027611873364,1484.027611873364,4204.77001953125,True,0.0,461,5.5065447473856954e-05,-0.11431699141650055,-9.183040189480595e-07,True,462,compliant-rolling,-36.176865014271115,0.00026578544111887764,12.366896765611367,4463.13202145736,4462.99115170592,82719.52592822463,67714.1126192919,-0.028940952471394867,2.1805489414332365e-07,-0.1143232449189069,-1.023088693690297e-06,62.81840474993135,1.5045809759465029e-07,35.88754036250968,4.701815549829307e-08,0.0,5.410902605217416e-05,-9.066593929413481e-07,0.9999999997099829,2.408075851446592e-05,3.889179537290901e-07,0.32999999999997504,-7.520753837168349e-11,3.155080361677067e-06,-1.2578546854911399e-06,9.352999329293102e-15,2.8543088773477485e-19,4.459857620855857e-21,5.968057211655805e-17,-15.143492042468214,-0.00036350095197068663,30.388561187346035,2.670581346077078e-09,-0.00011125673026117298,-0.0002897845306863657,23.22399052480826,90.82471661561036,23.24804504846578,8.654701997134005,-7.353045643960273e-06,-0.11447940371325961,-8.49601251018632e-07,-4340.805710831831,0.031812993606969826,0.0,1483.9342817433892,1483.9342817433892,4204.751953125,True,0.0,461,5.5065447473856954e-05,-0.11426539815887676,-9.183041299769168e-07,True,462,compliant-rolling,-36.174510944847746,0.00026585877909871295,12.366119014528243,4463.114762607084,4462.973892795116,82719.20605332375,67713.8653172046,-0.028939071315196893,2.1811892956102696e-07,-0.11427175305548759,-1.022879019257348e-06,62.81023864752206,1.5040078046567208e-07,35.86912849922351,4.70002438957037e-08,0.0,5.498644770313359e-05,-9.048458271842189e-07,0.9999999997099829,2.408075851446592e-05,3.889179537290901e-07,0.32999999999997504,-7.521204328987091e-11,3.1552693502986258e-06,-1.2579300232142295e-06,9.35355659003158e-15,2.8544789398289736e-19,4.460123343482771e-21,5.968411877660617e-17,-15.142507716439656,-0.0003634773244317131,-30.386594895629273,2.6713184277960596e-09,-0.00011128743717152777,-0.00028986492548414226,23.031662202147604,89.55918458646012,23.055716725805123,8.65468647989871,1.2972978622842902e-05,-0.1218112239697116,1.4989541970080715e-06,-1917.2107939221842,-0.01670273184318139,-0.0,681.7813798028774,681.7813798028774,1681.4178466796875,True,0.0,461,5.5065447473856954e-05,-0.1215989896925687,1.4311717898034326e-06,True,462,compliant-rolling,-15.978461521641027,-0.00013482478709297348,5.681511498357311,1956.0493105481276,1956.0949378055884,36253.34650260638,31068.664575616505,-0.012784385635344198,-1.0014404755961162e-07,-0.12165065643065452,1.2368804084649343e-06,12.258038706241795,1.252199675415337e-06,16.87902447844194,3.9131239856728924e-07,0.0,0.00044705137944555854,-1.6811247092396464e-06,0.9999999997099829,2.408075851446592e-05,3.889179537290901e-07,0.32999999999997504,-7.458208851981888e-11,3.128841623263202e-06,-1.2473890974364632e-06,9.273381399608592e-15,2.8300114134547706e-19,4.421892833523079e-21,5.916714330369463e-17,-6.688521497451648,-0.00016054975462606748,13.42190454750489,-1.3547040468177422e-09,5.643712854578253e-05,-0.00014970019456111527,23.03343014548989,89.56019840719163,23.05748466914741,8.654701996416534,1.2972964823566293e-05,-0.1217453875178736,1.4989499151938463e-06,-1917.0927010405533,-0.016714378045785263,-0.0,681.7427859896522,681.7427859896522,1681.4151611328125,True,0.0,461,5.5065447473856954e-05,-0.12153313802131122,1.4311715617727636e-06,True,462,compliant-rolling,-15.977482426219417,-0.0001349094137535075,5.681189883247102,1956.0464987804937,1956.0977495654854,36253.294389407725,31068.62239638638,-0.012783604922490862,-1.0021070263323922e-07,-0.12158491861541065,1.236690072932886e-06,12.256541611828109,1.25693329472664e-06,16.86891996470075,3.927916546019485e-07,0.0,0.00044803733307610227,-1.6827726507993781e-06,0.9999999997099829,2.408075851446592e-05,3.889179537290901e-07,0.32999999999997504,-7.458780115230944e-11,3.129081277470024e-06,-1.2474846329978494e-06,9.274088351058005e-15,2.830227157915651e-19,4.4222299342432045e-21,5.917164362925184e-17,-6.688111175771551,-0.0001605399053574238,-13.421087537350889,-1.3555542693179111e-09,5.6472548914273536e-05,-0.0001497944522164696,1,0.9052039793303592,0.9052039793303593,0.11448354110195486,True,hold,461,0.11463353124531109,1,0.905147051275673,0.9051470512756731,0.11443243238257933,True,hold,461,0.11458095187412277,1,0.6237932337270081,0.623793532977307,0.12210783109937216,True,hold,461,0.12115162092270486,1,0.6237579236162122,0.6237582217003845,0.12204256092892053,True,hold,461,0.12108429122546607,True,True,0.0,1.0,False,-0.11448354110195486,-0.11443243238257933,-0.12210783109937216,-0.12204256092892053,0.0,0.0,0.0,0.0,461,461,461,461,True,0.0,-0.0,8.920044820115436e-06,3.919304931991575e-07,-8.920044820115436e-06,-0.0,0.0171205172300688,0.0171205172300688,-0.0171205172300688,1,1,1,1,1.0,False,461,0.0,3.919304931991575e-07,94.24778428762944,94.2477807915159,1,12.025,0.0,23.999998467540216,0.25464790584161984,engaged,0.0,0.0,-0.0,-182.72413466661098,-0.0,0.0,276.9719156374122,1.4333098459683136e-06,-2.390758520112881e-05,-0.0009996670545152808,18.84955498035135,18.84955621647721,0.0,0.0,8.65256309749965,33.938674942431504
228,1.9,0,0.0,1,1,,,,-0.0008703112252987921,34.35586166381836,0.4185972213745117,0.0014097198145464063,8.123210906982422,-1.369476318359375,-1.2538450391730294e-05,-0.840897262096405,35.454036712646484,0.32990577816963196,0.41913309693336487,0.9079248309135437,1.1125934179290198e-05,5.25664063388831e-06,0.8391026854515076,35.454078674316406,0.32990577816963196,0.41928547620773315,0.9078544974327087,1.1125049240945373e-05,5.258507371763699e-06,-0.8408430814743042,33.2534065246582,0.32990577816963196,-0.20276691019535065,0.9792270064353943,1.2071315723005682e-05,-2.3878794763732003e-06,0.8391568660736084,33.253448486328125,0.3299057185649872,-0.20222899317741394,0.9793382883071899,1.2072627214365639e-05,-2.3812481231288984e-06,asphalt,0.0,0.0,1,900.0000132469365,1,-10.58137321472168,-1.1118943803012371e-05,28.319476674924662,159.99128460276503,-0.0,8314.848480478173,3457.151519521827,1.1508488569234032e-05,5.751128773299215e-05,True,-0.0,True,0,0,-0.00019099528435617685,8.123210906982422,0.08175643533468246,False,True,-0.8408969640731812,35.44614791870117,0.0,0.0,0.0,1.0,4204.123046875,4204.123046875,0.3124195635318756,0.08758044242858887,0.0,asphalt,True,0.8391029834747314,35.446189880371094,1.4901161193847656e-08,0.0,0.0,1.0,4204.12109375,4204.12109375,0.31241992115974426,0.08758008480072021,0.0,asphalt,True,-0.8408427834510803,33.24551773071289,2.2351741790771484e-08,0.0,0.0,1.0,1681.50341796875,1681.50341796875,0.36501362919807434,0.03498637676239014,0.0,asphalt,True,0.8391571044921875,33.24555969238281,-1.1175870895385742e-08,0.0,0.0,1.0,1681.512451171875,1681.512451171875,0.36501404643058777,0.03498595952987671,0.0,asphalt,468,21.79688026852874,91.94726517173666,21.820767694277016,8.12531759904051,-4.955632699802227e-06,-0.11474592827439721,-6.099001841339477e-07,-4341.570693058243,0.023765532025351515,0.0,1484.027611873364,1484.027611873364,4204.16015625,True,0.0,467,4.412496054850782e-05,-0.11451811670770566,-7.120860517967907e-07,True,468,compliant-rolling,-36.181082467087705,0.00019725600868668054,12.366896765611367,4462.549414546566,4462.513963412939,82708.72791301207,67705.76441475957,-0.02894428284662824,1.613475279420477e-07,-0.11452694742664718,-7.658328148847545e-07,62.83286321487382,1.9118946448469337e-07,33.76301105860989,5.974670765161078e-08,0.0,7.173393599357671e-05,-4.365971659556382e-07,0.9999999996971627,2.4609484163925756e-05,2.1877474403222904e-07,0.3299999999999921,-9.065662741823631e-11,3.7089591001488574e-06,-1.0697696863348061e-06,0.0,0.0,0.0,0.0,-15.145298425933886,-0.0003712654811661646,30.392103135103405,2.024106024041585e-09,-8.257080535348765e-05,-0.00021506957680669043,21.79827309917438,91.94760051544338,21.82216052492266,8.125336938500327,-4.9556398109426255e-06,-0.114691467298703,-6.09899607665582e-07,-4341.28897006741,0.023769807692114946,0.0,1483.9342817433892,1483.9342817433892,4204.158203125,True,0.0,467,4.412496054850782e-05,-0.11446364156951654,-7.120854604190124e-07,True,468,compliant-rolling,-36.17873940399706,0.00019723422719777192,12.366119014528243,4462.547548698209,4462.512097562933,82708.69333144673,67705.73767882476,-0.028942402528850365,1.6135097253469381e-07,-0.11447243229871076,-7.653693522940285e-07,62.824699812602866,1.9376287780860408e-07,33.744852845362544,6.055089931532709e-08,0.0,7.140926014443931e-05,-4.3283818808912925e-07,0.9999999996971627,2.4609484163925756e-05,2.1877474403222904e-07,0.3299999999999921,-9.06624032420338e-11,3.7091954015901598e-06,-1.06983783966391e-06,0.0,0.0,0.0,0.0,-15.144317626374587,-0.0003712414382579253,-30.3901453575126,2.0238825173245727e-09,-8.256168768405412e-05,-0.00021504598191749932,21.656170129656683,90.67391883469512,21.68005755540496,8.12531759832889,2.0377105738703246e-05,-0.12046070122153239,2.507853445981167e-06,-1914.8441759087107,-0.030097661244295554,-0.0,681.7810969981933,681.7810969981933,1681.516845703125,True,0.0,467,4.412496054850782e-05,-0.1202343603724253,2.405449408587e-06,True,468,compliant-rolling,-15.958431392208265,-0.0002468978049488438,5.6815091416516115,1956.1529622142907,1956.1389034544063,36255.26757880252,31070.21944836582,-0.012767932113979242,-1.898644398155697e-07,-0.12027691011049721,2.206268068578024e-06,12.22650678774232,7.115357717190102e-07,15.647212076575062,2.2235492866218403e-07,0.0,0.00034564118817573985,-1.617995271960098e-06,0.9999999996971627,2.4609484163925756e-05,2.1877474403222904e-07,0.3299999999999921,-9.006622274464418e-11,3.684804357078793e-06,-1.0628019405305432e-06,0.0,0.0,0.0,0.0,-6.680153609472104,-0.00016375447840880853,13.405079712283568,-2.5334959480678024e-09,0.0001033507130096157,-0.00027413639593219016,21.657938974252104,90.67502129336026,21.681826400000382,8.12533693849992,2.0377098533765645e-05,-0.1203909554029514,2.5078465899882912e-06,-1914.7229285517863,-0.03012186420534911,-0.0,681.7425042870091,681.7425042870091,1681.5235595703125,True,0.0,467,4.412496054850782e-05,-0.12016459638188592,2.405442580305356e-06,True,468,compliant-rolling,-15.957425634896513,-0.0002470930904542749,5.681187535725075,1956.1599915900226,1956.1483611668368,36255.39786099569,31070.324895465677,-0.012767135492676617,-1.9003836552137983e-07,-0.12020736196209819,2.206493874578419e-06,12.224981154335818,7.19893079062985e-07,15.637233856080877,2.2496658720710484e-07,0.0,0.0003473953497061582,-1.616109377142136e-06,0.9999999996971627,2.4609484163925756e-05,2.1877474403222904e-07,0.3299999999999921,-9.007356669374225e-11,3.6851048139314238e-06,-1.0628885987887242e-06,0.0,0.0,0.0,0.0,-6.679732602346077,-0.0001637441580170392,-13.40423936167618,-2.5354998339947294e-09,0.00010343245896207945,-0.00027435303353700224,1,0.9052039793303592,0.9052039793303593,0.11471866107508137,True,hold,467,0.11481044880280282,1,0.905147051275673,0.9051470512756731,0.11466481936787475,True,hold,467,0.11475516425907115,1,0.6237932337270081,0.6237932742261321,0.12063796607537915,True,hold,467,0.12005146593628678,1,0.6237579236162122,0.6237579639575181,0.1205686724469911,True,hold,467,0.11998048111930919,True,True,0.0,1.0,False,-0.11471866107508137,-0.11466481936787475,-0.12063796607537915,-0.1205686724469911,0.0,0.0,0.0,0.0,467,467,467,467,True,0.0,-0.0,1.1209997865080368e-05,1.0037613280025385e-06,-1.1209997865080368e-05,-0.0,-0.004336123776056411,-0.004336123776056411,0.004336123776056411,1,1,1,1,1.0,False,467,0.0,1.0037613280025385e-06,94.24778386576024,94.24778099490975,1,12.025,0.0,23.999998188832986,0.2546479052768409,engaged,0.0,0.0,-0.0,-166.181895222369,-0.0,0.0,260.42967608875153,1.7897074204212725e-06,-2.327496277222406e-05,-0.0009741114575131427,18.849554756040177,18.849556163841072,0.0,0.0,8.12321090922779,34.355861679607536
234,1.95,0,0.0,1,1,,,,-0.0008795143803581595,34.74658966064453,0.4185967743396759,0.0014464487321674824,7.594137668609619,-1.368897795677185,-3.656709623101051e-06,-0.8409072756767273,35.84476089477539,0.32990583777427673,0.8182193636894226,0.5749061107635498,7.231172276078723e-06,1.034705746860709e-05,0.8390926718711853,35.84480285644531,0.32990583777427673,0.8183333873748779,0.5747438669204712,7.229120456031524e-06,1.0348491741751786e-05,-0.8408516645431519,33.644134521484375,0.32990580797195435,0.3131696879863739,0.9496971964836121,1.1978424481640104e-05,3.983565875387285e-06,0.8391482830047607,33.6441764831543,0.3299058675765991,0.3137347996234894,0.9495106935501099,1.197605251945788e-05,3.9906931306177285e-06,asphalt,0.0,0.0,1,900.0000157308982,1,-10.576508522033691,-4.288229683879763e-05,24.78745164477179,159.98656438476894,-0.0,8313.55105913124,3458.4489408687605,1.3592837603937369e-05,8.909975208366295e-05,True,-0.0,True,0,0,-0.00017928193847183138,7.594137668609619,0.0817175805568695,False,True,-0.8409070372581482,35.83687973022461,-7.450580596923828e-09,0.0,0.0,1.0,4204.2021484375,4204.2021484375,0.3124302923679352,0.0875697135925293,0.0,asphalt,True,0.8390929102897644,35.836917877197266,-3.725290298461914e-08,0.0,0.0,1.0,4204.21240234375,4204.21240234375,0.31243035197257996,0.08756965398788452,0.0,asphalt,True,-0.8408514261245728,33.63624954223633,-2.9802322387695312e-08,0.0,0.0,1.0,1681.2935791015625,1681.2935791015625,0.36500218510627747,0.03499782085418701,0.0,asphalt,True,0.8391484618186951,33.636295318603516,0.0,0.0,0.0,1.0,1681.316650390625,1681.316650390625,0.36500224471092224,0.034997761249542236,0.0,asphalt,474,20.375473683904712,92.99890602771303,20.399200795493712,7.596228390884,-3.415237053749345e-06,-0.11483620953818391,-4.495964152220115e-07,-4341.971141660993,0.01825176018816662,0.0,1484.027611873364,1484.027611873364,4204.154296875,True,0.0,473,3.4618151492295365e-05,-0.114592574023744,-5.870555756775968e-07,True,474,compliant-rolling,-36.18463758515962,0.00014989391553230493,12.366896765611367,4462.543817001232,4462.589530265301,82708.62416831122,67705.68420694956,-0.02894716319284504,1.2175187040959673e-07,-0.11460618152780355,-5.885067440720875e-07,62.84536926960196,2.1588513507304994e-07,31.59636402998911,6.746410471039213e-08,0.0,0.00010333726576321238,-1.1020373272889568e-08,0.9999999996812972,2.524681621357838e-05,6.380341231091932e-08,0.3299999999999994,-1.0322994194695092e-10,4.110316808852819e-06,-8.719010245810384e-07,0.0,0.0,0.0,0.0,-15.146781196103824,-0.0003806922107141074,30.39509516964967,1.5770075337161934e-09,-6.274514525264315e-05,-0.00016343044043321073,20.376854472284936,92.99931073273814,20.400581583873937,7.596251242355796,-3.4151790797213417e-06,-0.11477888746494166,-4.4958743079461065e-07,-4341.685689793117,0.01825826814579452,0.0,1483.9342817433892,1483.9342817433892,4204.16259765625,True,0.0,473,3.4618151492295365e-05,-0.11453523511338479,-5.87060156724468e-07,True,474,compliant-rolling,-36.18226363543778,0.00014991449840112594,12.366119014528243,4462.551746856892,4462.599325957975,82708.77113996648,67705.79783467547,-0.02894526464382703,1.2177155137855003e-07,-0.1145489307383616,-5.880430909811212e-07,62.83712589870087,2.1657823921980072e-07,31.57861834967519,6.76806997563375e-08,0.0,0.00010400678093775731,-7.464560987982325e-09,0.9999999996812972,2.524681621357838e-05,6.380341231091932e-08,0.3299999999999994,-1.0323692255847408e-10,4.110594756558437e-06,-8.719599859973139e-07,0.0,0.0,0.0,0.0,-15.14578638952665,-0.00038066720770454427,-30.39309998021985,1.5772239701689274e-09,-6.27537567122427e-05,-0.00016345341458655908,20.262825502539734,91.7193570849472,20.286552614128734,7.596228391591834,2.651695580864114e-05,-0.11972994081647713,3.490805494722184e-06,-1913.2492358313589,-0.04325049096692819,-0.0,681.7810587247412,681.7810587247412,1681.33837890625,True,0.0,473,3.4618151492295365e-05,-0.11948765218651448,3.3518946755308363e-06,True,474,compliant-rolling,-15.944880655448621,-0.00035701860846562886,5.681508822706177,1955.9661075977256,1955.9192019208588,36251.80442216154,31067.41644957749,-0.012756626414763744,-2.7826865105911167e-07,-0.11951987788194314,3.1530316475786906e-06,12.204863817246116,3.144570373269022e-07,14.52419602647728,9.826782416462478e-08,0.0,0.00024472638320269024,-1.5101933080614455e-06,0.9999999996812972,2.524681621357838e-05,6.380341231091932e-08,0.3299999999999994,-1.0265642373588897e-10,4.08748097866699e-06,-8.670573013340693e-07,0.0,0.0,0.0,0.0,-6.674478458660616,-0.00016775326235284857,13.393698565976376,-3.756129480361952e-09,0.00014944690167565153,-0.00039640454668509324,20.26457551041412,91.72054744796974,20.28830262200312,7.5962512416485755,2.6516910157140086e-05,-0.11965656404680278,3.490788984393511e-06,-1913.128789266817,-0.0432745802608447,-0.0,681.7424661627019,681.7424661627019,1681.356201171875,True,0.0,473,3.4618151492295365e-05,-0.1194142543320509,3.3518850434038802e-06,True,474,compliant-rolling,-15.94388111504931,-0.0003572051899429189,5.681187218022516,1955.9847675870155,1955.9433577210125,36252.15026572171,31067.696368014935,-0.012755828288981558,-2.784121430209683e-07,-0.11944657575382844,3.152684788155189e-06,12.203336656162163,3.1612970593407924e-07,14.514437340911375,9.879053310440719e-08,0.0,0.0002454540804167034,-1.5127588076994488e-06,0.9999999996812972,2.524681621357838e-05,6.380341231091932e-08,0.3299999999999994,-1.0266527125444364e-10,4.087833261196056e-06,-8.671320314591005e-07,0.0,0.0,0.0,0.0,-6.674061004424413,-0.00016774277025066563,-13.392860493232725,-3.7580930061240676e-09,0.00014952502540462384,-0.00039661180547401545,1,0.9052039793303592,0.9052039793303593,0.11482930764384482,True,hold,473,0.11485927210932864,1,0.905147051275673,0.9051470512756731,0.11477244336083081,True,hold,473,0.1148010817221865,1,0.6237932337270081,0.6237932392079685,0.11981643632719727,True,hold,473,0.11951778524043283,1,0.6237579236162122,0.6237579290758143,0.11974364021721563,True,hold,473,0.11944342851065297,True,True,0.0,1.0,False,-0.11482930764384482,-0.11477244336083081,-0.11981643632719727,-0.11974364021721563,0.0,0.0,0.0,0.0,473,473,473,473,True,0.0,-0.0,1.3323167877388187e-05,1.5550840365705966e-06,-1.3323167877388187e-05,-0.0,-0.021797117529558818,-0.021797117529558818,0.021797117529558818,1,1,1,1,1.0,False,473,0.0,1.5550840365705966e-06,94.2477833925809,94.24778125502961,1,12.025,0.0,23.999997916232836,0.25464790472443755,engaged,0.0,0.0,-0.0,-149.42485002967845,-0.0,0.0,243.67263082533592,2.1171846583499236e-06,-2.2648520334906283e-05,-0.0009484421046327113,18.849554541362032,18.84955612179409,0.0,0.0,7.594137670725858,34.746589676542094
240,2.0,0,0.0,1,1,,,,-0.0008881647954694927,35.11086654663086,0.4185943901538849,0.0014886542921885848,7.065275192260742,-1.3687350749969482,3.858308446069714e-06,-0.840916633605957,36.209041595458984,0.32990580797195435,0.9925471544265747,0.12186125665903091,1.6164059388756868e-06,1.2889237041235901e-05,0.8390833139419556,36.209083557128906,0.32990580797195435,0.9925759434700012,0.12162651866674423,1.6133575400090194e-06,1.2889618119515944e-05,-0.8408595323562622,34.0084114074707,0.32990583777427673,0.7216949462890625,0.6922112107276917,9.016222975333221e-06,9.351628250442445e-06,0.8391404151916504,34.008453369140625,0.32990577816963196,0.7221384048461914,0.6917486190795898,9.010228495753836e-06,9.357405360788107e-06,asphalt,0.0,0.0,1,900.0000188229512,1,-10.572629928588867,-7.002032361924648e-05,21.491909303502602,159.99191507124957,-0.0,8312.339330061106,3459.660669938894,1.538569813419599e-05,0.00011669864055393127,True,-0.0,True,0,0,-0.00016865864745341241,7.065275192260742,0.08168601244688034,False,True,-0.8409164547920227,36.20115661621094,7.450580596923828e-09,0.0,0.0,1.0,4204.7724609375,4204.7724609375,0.31243112683296204,0.08756887912750244,0.0,asphalt,True,0.8390834927558899,36.20119857788086,1.4901161193847656e-08,0.0,0.0,1.0,4204.79833984375,4204.79833984375,0.3124310076236725,0.08756899833679199,0.0,asphalt,True,-0.8408592939376831,34.00053024291992,-3.725290298461914e-09,0.0,0.0,1.0,1680.9945068359375,1680.9945068359375,0.3649967610836029,0.03500324487686157,0.0,asphalt,True,0.8391405940055847,34.000572204589844,-3.3527612686157227e-08,0.0,0.0,1.0,1681.017822265625,1681.017822265625,0.36499670147895813,0.03500330448150635,0.0,asphalt,480,18.957215511879834,93.97955989864847,18.980823321025767,7.067353779423901,-2.572768103907032e-06,-0.11481987259023517,-3.6403556185305875e-07,-4342.254493584981,0.014945410936662618,0.0,1484.027611873364,1484.027611873364,4204.62939453125,True,0.0,479,2.9629788711100252e-05,-0.11455785321015696,-5.302384126471986e-07,True,480,compliant-rolling,-36.18718989322355,0.00012116244671417803,12.366896765611367,4462.997682102669,4463.134353733855,82717.03608752976,67712.18766910702,-0.028949183516864107,9.735164883773961e-08,-0.11457526713442992,-4.81738641378468e-07,62.85414197269154,2.5865753560367114e-07,29.397686285831643,8.083047987623698e-08,0.0,0.00012303394463490875,3.426636110016771e-07,0.9999999996625095,2.5980308867478823e-05,-6.732097234541118e-08,0.3299999999999993,-1.1225990246410172e-10,4.341239984730717e-06,-6.189496341085557e-07,0.0,0.0,0.0,0.0,-15.147773013533968,-0.0003916015697906501,30.397236637411503,1.3111657598434625e-09,-5.0717981860604806e-05,-0.00013210484363632556,18.9585729010427,93.98003284352946,18.982180710188633,7.067379647298348,-2.5727421058578865e-06,-0.11475973138988098,-3.6403055081967425e-07,-4341.969455747023,0.014954019105936724,0.0,1483.9342817433892,1483.9342817433892,4204.65380859375,True,0.0,479,2.9629788711100252e-05,-0.11449769265157196,-5.302415790567194e-07,True,480,compliant-rolling,-36.184820612922245,0.00012119611506612526,12.366119014528243,4463.021004939533,4463.159075856383,82717.46835213664,67712.5218625402,-0.02894728981805286,9.738558148832467e-08,-0.1145152456453525,-4.812440194538486e-07,62.8459190864873,2.5940052967725675e-07,29.380488542527477,8.106266552403498e-08,0.0,0.00012401696090595437,3.4618188268802405e-07,0.9999999996625095,2.5980308867478823e-05,-6.732097234541118e-08,0.3299999999999993,-1.1226792081366777e-10,4.341550064980345e-06,-6.189938492041616e-07,0.0,0.0,0.0,0.0,-15.146781244891102,-0.0003915759304998403,-30.395248155317685,1.3115301036765622e-09,-5.073207526090865e-05,-0.00013214183682533408,18.858403609480188,92.69479499272597,18.88201141862612,7.067353779423715,3.131239665608336e-05,-0.11943375337354255,4.43056872956369e-06,-1912.337623627049,-0.0558862848682678,-0.0,681.7810535449928,681.7810535449928,1681.0487060546875,True,0.0,479,2.9629788711100252e-05,-0.11917309973363084,4.261933858973607e-06,True,480,compliant-rolling,-15.937115117367043,-0.00046285385018803087,5.681508779541606,1955.66281609415,1955.6060681780805,36246.183228508016,31062.86675393498,-0.012750011779311147,-3.633019674360747e-07,-0.11919633217143992,4.0650565639134585e-06,12.1922100378421,1.1719780922957192e-07,13.471247234092422,3.6624315384208066e-08,0.0,0.0001641432696231697,-1.3909897528565938e-06,0.9999999996625095,2.5980308867478823e-05,-6.732097234541118e-08,0.3299999999999993,-1.1167403498518104e-10,4.318583708425072e-06,-6.157196353660955e-07,0.0,0.0,0.0,0.0,-6.67119505550896,-0.00017246432553371413,13.38717682882007,-5.008797169719476e-09,0.00019374825958512668,-0.0005139133821272532,18.86012573001608,92.69607229503458,18.883733539162012,7.067379648704379,3.131242255677356e-05,-0.11935656491210675,4.430556176829838e-06,-1912.2151806871095,-0.05591926712114709,-0.0,681.742461003138,681.742461003138,1681.0732421875,True,0.0,479,2.9629788711100252e-05,-0.11909588670077606,4.261921467786939e-06,True,480,compliant-rolling,-15.936098579100284,-0.0004631142776738746,5.6811871750261504,1955.6885059689653,1955.6304800292648,36246.65936370985,31063.252130943438,-0.012749200381942803,-3.6350746110568176e-07,-0.11911922284761342,4.064739427398275e-06,12.190658288330114,1.1828220563668055e-07,13.461735972440888,3.6963189261392834e-08,0.0,0.00016487660431084805,-1.3931479552948224e-06,0.9999999996625095,2.5980308867478823e-05,-6.732097234541118e-08,0.3299999999999993,-1.1168421384824603e-10,4.318977338610363e-06,-6.157757623544205e-07,0.0,0.0,0.0,0.0,-6.670769537778241,-0.0001724533250116457,-13.386321848680094,-5.011615399390637e-09,0.00019385727320164918,-0.0005142032192667386,1,0.9052039793303592,0.9052039793303593,0.11483012573540263,True,hold,479,0.11481289678499583,1,0.905147051275673,0.9051470512756731,0.11477056304665334,True,hold,479,0.11475101403785468,1,0.6237932337270081,0.6237932344687754,0.11946054056901968,True,hold,479,0.11935568295104346,1,0.6237579236162122,0.6237579243550889,0.11938389105360743,True,hold,479,0.11927743188755496,True,True,0.0,1.0,False,-0.11483012573540263,-0.11477056304665334,-0.11946054056901968,-0.11938389105360743,0.0,0.0,0.0,0.0,479,479,479,479,True,0.0,-0.0,1.5163282114372123e-05,2.03677551026748e-06,-1.5163282114372123e-05,-0.0,-0.04119180739803596,-0.04119180739803596,0.04119180739803596,1,1,1,1,1.0,False,479,0.0,2.03677551026748e-06,94.24778284353081,94.24778157882864,1,12.025,0.0,23.999997436972265,0.2546479037532526,engaged,0.0,0.0,-0.0,-132.53497268139844,-0.0,0.0,226.78275358867864,2.3987173613349454e-06,-2.2161276557280657e-05,-0.0009283561099250405,18.849554199491674,18.849556118985046,0.0,0.0,7.065275194273809,35.11086656263113
246,2.05,0,0.0,1,1,,,,-0.0008963087457232177,35.448707580566406,0.41859111189842224,0.0015354255447164178,6.536579608917236,-1.3688390254974365,9.444522220292129e-06,-0.8409257531166077,36.54688262939453,0.32990583777427673,0.9451525807380676,-0.326629102230072,-4.29802139478852e-06,1.2689260074694175e-05,0.8390741944313049,36.54692840576172,0.32990583777427673,0.945064127445221,-0.32688507437705994,-4.301457920519169e-06,1.2688095921475906e-05,-0.8408668041229248,34.34625244140625,0.3299058675765991,0.9517126083374023,0.3069904148578644,4.191212156001711e-06,1.2724938642350025e-05,0.8391331434249878,34.34629440307617,0.3299058675765991,0.9519219994544983,0.30634045600891113,4.182522388873622e-06,1.2727797184197698e-05,asphalt,0.0,0.0,1,900.0000180971199,1,-10.569668769836426,-9.174882143270224e-05,18.432311166400105,160.00286365422187,-0.0,8311.245568890425,3460.7544311095753,1.6868414604687132e-05,0.00013954822517486356,True,-0.0,True,0,0,-0.0001588385202921927,6.536579608917236,0.08168771862983704,False,True,-0.8409255743026733,36.53900146484375,-2.2351741790771484e-08,0.0,0.0,1.0,4205.43115234375,4205.43115234375,0.3124258816242218,0.08757412433624268,0.0,asphalt,True,0.8390743732452393,36.53904342651367,0.0,0.0,0.0,1.0,4205.45849609375,4205.45849609375,0.3124256432056427,0.08757436275482178,0.0,asphalt,True,-0.8408666253089905,34.33837127685547,7.450580596923828e-09,0.0,0.0,1.0,1680.6871337890625,1680.6871337890625,0.3649955093860626,0.035004496574401855,0.0,asphalt,True,0.8391333222389221,34.338417053222656,1.4901161193847656e-08,0.0,0.0,1.0,1680.7098388671875,1680.7098388671875,0.36499521136283875,0.03500479459762573,0.0,asphalt,486,17.541051383489446,94.88936163269804,17.564601338862815,6.5386517488503975,-2.5605055332977617e-06,-0.1147185721323727,-3.9159533672179585e-07,-4342.341436180344,0.014039143935677246,0.0,1484.027611873364,1484.027611873364,4205.34619140625,True,0.0,485,2.9508441090723774e-05,-0.11443532140442951,-5.732332348705485e-07,True,486,compliant-rolling,-36.18808719345726,0.00011227176698810456,12.366896765611367,4463.682434955353,4463.763596985689,82729.72727189978,67721.9994671323,-0.028950122921369035,8.83146046048927e-08,-0.11446240017610851,-4.520757447292575e-07,62.85822128776322,2.515638069486803e-07,27.179607680183715,7.861368967155499e-08,0.0,0.00017700202501090155,7.919532449433404e-07,0.9999999996410194,2.6794292343242162e-05,-1.6479097547285752e-07,0.3299999999999955,-1.176885520034637e-10,4.413100404331571e-06,-4.199807285536833e-07,0.0,0.0,0.0,0.0,-15.148031063208332,-0.00040375136385835685,30.397995405104915,1.2526188190579586e-09,-4.69960239889269e-05,-0.00012241173463431264,17.54235150580749,94.88990116040647,17.565901461180857,6.538680106968969,-2.5604539695195036e-06,-0.11465679583461143,-3.9158575241973127e-07,-4342.049415902193,0.01404922853957072,0.0,1483.9342817433892,1483.9342817433892,4205.37353515625,True,0.0,485,2.9508441090723774e-05,-0.11437352392025009,-5.732234893573836e-07,True,486,compliant-rolling,-36.1856569804046,0.00011231675505096817,12.366119014528243,4463.708556086459,4463.789718064023,82730.21139998997,67722.37375418747,-0.028948182003938776,8.835724207915791e-08,-0.11440073760882262,-4.515021654633616e-07,62.84979310057288,2.519548467272279e-07,27.163259192183844,7.873588960225892e-08,0.0,0.00017788468862328535,7.956422276970346e-07,0.9999999996410194,2.6794292343242162e-05,-1.6479097547285752e-07,0.3299999999999955,-1.1769726920887506e-10,4.413427283205205e-06,-4.2001183870132026e-07,0.0,0.0,0.0,0.0,-15.147014874737778,-0.00040372427865637835,-30.39594782194841,1.2531208411811528e-09,-4.7014858963610066e-05,-0.00012246046950262896,17.448198013927307,93.599832650426,17.471747969300676,6.538651748148296,3.4586683935287254e-05,-0.11940479989218956,5.289574252789867e-06,-1911.9059596791067,-0.06766934842855389,-0.0,681.78105284399,681.78105284399,1680.7318115234375,True,0.0,485,2.9508441090723774e-05,-0.11912304864375702,5.105694722907543e-06,True,486,compliant-rolling,-15.933439466480316,-0.000561622647190612,5.681508773699917,1955.331017127339,1955.2842375710882,36240.03367857176,31057.889371076282,-0.012746790916198712,-4.4307549026318687e-07,-0.11914028672385422,4.920884237541785e-06,12.186050914320141,5.6779218153357954e-08,12.457113344851894,1.774350567288628e-08,0.0,0.00011267775070001125,-1.208024889075864e-06,0.9999999996410194,2.6794292343242162e-05,-1.6479097547285752e-07,0.3299999999999955,-1.1706608584534017e-10,4.389759089645762e-06,-4.1775921827511527e-07,0.0,0.0,0.0,0.0,-6.669604212780582,-0.00017776975674720183,13.3840901678916,-6.266037008822248e-09,0.0002350905328115533,-0.0006235774401434451,17.449861031286925,93.60119449354016,17.473410986660294,6.5386801062668685,3.4586671106019034e-05,-0.11932468835636552,5.289549349959414e-06,-1911.7806090324693,-0.06771034895197882,-0.0,681.742460304867,681.742460304867,1680.7591552734375,True,0.0,485,2.9508441090723774e-05,-0.11904291006292536,5.105679856211907e-06,True,486,compliant-rolling,-15.93239835799222,-0.0005619484275148365,5.681187169207225,1955.3596471769263,1955.3080108037393,36240.56430686547,31058.318858042843,-0.012745962086843421,-4.4333389082660475e-07,-0.11906030506812401,4.9205274185284764e-06,12.184466228684611,5.753890967968339e-08,12.448001113293856,1.7980909274910517e-08,0.0,0.0001137039940439046,-1.210265327988112e-06,0.9999999996410194,2.6794292343242162e-05,-1.6479097547285752e-07,0.3299999999999955,-1.1707722770999384e-10,4.390176888681271e-06,-4.1779898475637476e-07,0.0,0.0,0.0,0.0,-6.669168413493631,-0.00017775814107545278,-13.383213727000744,-6.269671747518324e-09,0.00023522690172470974,-0.0006239407413423725,1,0.9052039793303592,0.9052039793303593,0.11473574823568206,True,hold,485,0.11468240030700798,1,0.905147051275673,0.9051470512756731,0.11467407348156404,True,hold,485,0.1146201827136198,1,0.6237932337270081,0.6237932338273954,0.11939713595741308,True,hold,485,0.11940806445403053,1,0.6237579236162122,0.6237579237162083,0.11931743248138343,True,hold,485,0.11932686970113048,True,True,0.0,1.0,False,-0.11473574823568206,-0.11467407348156404,-0.11939713595741308,-0.11931743248138343,0.0,0.0,0.0,0.0,485,485,485,485,True,0.0,-0.0,1.6682153727742843e-05,2.435575994615809e-06,-1.6682153727742843e-05,-0.0,-0.04586131804194338,-0.04586131804194338,0.04586131804194338,1,1,1,1,1.0,False,485,0.0,2.435575994615809e-06,94.24778219856279,94.24778150281975,1,12.025,0.0,23.999997287784083,0.25464790345093413,engaged,0.0,0.0,-0.0,-115.57608671403429,-0.0,0.0,209.82386754592804,2.631515676029721e-06,-2.190882507859983e-05,-0.0009177818121088198,18.849554076435542,18.849556084838802,0.0,0.0,6.53657961084712,35.44870759666483
252,2.1,0,0.0,1,1,,,,-0.000903974985703826,35.7601203918457,0.4185883700847626,0.0015857908874750137,6.0080246925354,-1.3690522909164429,1.4832429769739974e-05,-0.8409343957901001,36.85829162597656,0.32990577816963196,0.7301687002182007,-0.6832669377326965,-9.35888419917319e-06,1.0190695320488885e-05,0.8390655517578125,36.85833740234375,0.32990583777427673,0.7299601435661316,-0.6834897398948669,-9.361993761558551e-06,1.0187838597630616e-05,-0.8408734798431396,34.65766525268555,0.32990583777427673,0.9944710731506348,-0.10501129925251007,-1.324203253716405e-06,1.3772635611530859e-05,0.839126467704773,34.657711029052734,0.32990583777427673,0.9943950772285461,-0.10572826862335205,-1.3341327758098487e-06,1.377167700411519e-05,asphalt,0.0,0.0,1,900.0000145794535,1,-10.56704330444336,-0.00010533617751207203,15.60826598965048,160.00801856364677,-0.0,8310.2763259479,3461.7236740521003,1.792501461750362e-05,0.00015781155022012188,True,-0.0,True,0,0,-0.0001494153548264876,6.0080246925354,0.08170928061008453,False,True,-0.8409342765808105,36.85041046142578,-1.4901161193847656e-08,0.0,0.0,1.0,4205.7705078125,4205.7705078125,0.31241920590400696,0.08758080005645752,0.0,asphalt,True,0.839065670967102,36.85045623779297,7.450580596923828e-09,0.0,0.0,1.0,4205.81005859375,4205.81005859375,0.31241872906684875,0.08758127689361572,0.0,asphalt,True,-0.8408733010292053,34.6497802734375,1.4901161193847656e-08,0.0,0.0,1.0,1680.4971923828125,1680.4971923828125,0.364996999502182,0.03500300645828247,0.0,asphalt,True,0.8391266465187073,34.64982604980469,3.3527612686157227e-08,0.0,0.0,1.0,1680.5260009765625,1680.5260009765625,0.3649965822696686,0.0350034236907959,0.0,asphalt,492,16.124395110862203,95.72834646170507,16.147928872394857,6.010094442330484,-3.1360061002930054e-06,-0.11464779170407678,-5.217898205068302e-07,-4342.229884129251,0.016421472123914198,0.0,1484.027611873364,1484.027611873364,4205.732421875,True,0.0,491,3.5221290644754256e-05,-0.11433960246182132,-7.321531399889372e-07,True,492,compliant-rolling,-36.18720030065832,0.00013098871574703544,12.366896765611367,4464.051394357909,4464.087777023169,82736.56555199534,67727.28623794929,-0.028949459258383454,1.0131481691607978e-07,-0.1143710612720272,-5.283833395373604e-07,62.85533935223012,2.5708667636601585e-07,24.968995664403778,8.033958636438897e-08,0.0,0.00018900462826702726,1.2242495865022314e-06,0.999999999617122,2.767108707153153e-05,-2.58800838438265e-07,0.32999999999998897,-1.189801123068726e-10,4.319529019471189e-06,-4.0858507042286616e-07,0.0,0.0,0.0,0.0,-15.147554127597996,-0.0004168865345806944,30.397250686628702,1.5090261562999065e-09,-5.4830399848497576e-05,-0.0001428182246057543,16.125622242030175,95.72894888383365,16.14915600356283,6.010124582260491,-3.1359933142585943e-06,-0.11458485310327678,-5.217850763883533e-07,-4341.939253596854,0.01643341975655735,0.0,1483.9342817433892,1483.9342817433892,4205.76904296875,True,0.0,491,3.5221290644754256e-05,-0.11427663949263513,-7.321481071138899e-07,True,492,compliant-rolling,-36.184782286268614,0.00013104832915193266,12.366119014528243,4464.086377690499,4464.125558986836,82737.21393180426,67727.78750826696,-0.02894752576307043,1.013690532433555e-07,-0.11430819904931065,-5.277448135763273e-07,62.84694358604265,2.5797925816290576e-07,24.953731957289705,8.061851817582134e-08,0.0,0.00018961086371116555,1.228061770054023e-06,0.999999999617122,2.767108707153153e-05,-2.58800838438265e-07,0.32999999999998897,-1.189891561030443e-10,4.319857351110968e-06,-4.086161317901897e-07,0.0,0.0,0.0,0.0,-15.14654305242195,-0.00041685870806673766,-30.3952106543686,1.5097130266639657e-09,-5.485535725334323e-05,-0.00014288316136506747,16.03605610865628,94.43429250072818,16.059589870188933,6.010094440929228,3.634517571088073e-05,-0.11949827613054798,6.047355173476826e-06,-1911.827596411312,-0.07791389658843352,-0.0,681.7810527491197,681.7810527491197,1680.5328369140625,True,0.0,491,3.5221290644754256e-05,-0.1191917755370667,5.833179459672233e-06,True,492,compliant-rolling,-15.9327934493895,-0.0006475963880236089,5.68150877290933,1955.1226809887858,1955.0853591623454,36236.17238418656,31054.76405488969,-0.012746080147124948,-5.128569569261842e-07,-0.11920582773651786,5.669172710983619e-06,12.184691953496625,5.5086903296161154e-08,11.459152739560174,1.7214657280062198e-08,0.0,8.442565743014432e-05,-9.853530495058917e-07,0.999999999617122,2.767108707153153e-05,-2.58800838438265e-07,0.32999999999998897,-1.1832882703683892e-10,4.295884350328799e-06,-4.063482939330429e-07,0.0,0.0,0.0,0.0,-6.669287736362288,-0.0001835501777457247,13.383547673835597,-7.460489116789332e-09,0.0002710765480314352,-0.0007190348087613607,16.037610186883736,94.43573455442962,16.06114394841639,6.010124581560596,3.6345188467861345e-05,-0.11941736151212662,6.047326968716655e-06,-1911.696571184364,-0.07796155227636813,-0.0,681.7424602103662,681.7424602103662,1680.5556640625,True,0.0,491,3.5221290644754256e-05,-0.11911083020313908,5.8331629578834085e-06,True,492,compliant-rolling,-15.931704025678744,-0.0006479757041404691,5.681187168419718,1955.1465822538637,1955.1155233843706,36236.615369360836,31055.122606252313,-0.012745215419261,-5.131595024288268e-07,-0.11912510138011008,5.668778560840614e-06,12.183038726002577,5.5022103583745055e-08,11.450669503414234,1.719440736986987e-08,0.0,8.574170478585494e-05,-9.876269120441091e-07,0.999999999617122,2.767108707153153e-05,-2.58800838438265e-07,0.32999999999998897,-1.183402920546145e-10,4.296300583555051e-06,-4.063876664512552e-07,0.0,0.0,0.0,0.0,-6.668832665480995,-0.0001835376534186226,-13.382628428309708,-7.464860006094334e-09,0.0002712353641044941,-0.0007194587384098193,1,0.9052039793303592,0.9052039793303593,0.11465541791734551,True,hold,491,0.11462765311634733,1,0.905147051275673,0.9051470512756731,0.1145927469178355,True,hold,491,0.11456391236575343,1,0.6237932337270081,0.623793233740594,0.1194789438619028,True,hold,491,0.11953373762326816,1,0.6237579236162122,0.6237579236297451,0.11939802433996592,True,hold,491,0.11945214322924444,True,True,0.0,1.0,False,-0.11465541791734551,-0.1145927469178355,-0.1194789438619028,-0.11939802433996592,0.0,0.0,0.0,0.0,491,491,491,491,True,0.0,-0.0,1.7825221220846288e-05,2.754331149017509e-06,-1.7825221220846288e-05,-0.0,-0.04959848647945364,-0.04959848647945364,0.04959848647945364,1,1,1,1,1.0,False,491,0.0,2.754331149017509e-06,94.24778168026496,94.24778113445059,1,12.025,0.0,23.99999798801241,0.25464790486989336,engaged,0.0,0.0,-0.0,-98.5941717105312,-0.0,0.0,192.84195192861085,2.8010392470354243e-06,-2.1838422364230253e-05,-0.0009144497990477724,18.84955450790215,18.849555952890146,0.0,0.0,6.0080246943933275,35.760120408038496
258,2.15,0,0.0,1,1,,,,-0.0009111731196753681,36.045108795166016,0.4185868501663208,0.0016380780143663287,5.4795918464660645,-1.369279146194458,1.9538767446647398e-05,-0.8409425020217896,37.143280029296875,0.32990577816963196,-0.4209563136100769,0.9070809483528137,1.2891202459286433e-05,-6.170444521558238e-06,0.839057445526123,37.14332580566406,0.32990583777427673,-0.4206586182117462,0.9072189927101135,1.2893225175503176e-05,-6.1662135522055905e-06,-0.8408796787261963,34.94265365600586,0.32990580797195435,0.8836794495582581,-0.4680924713611603,-6.538808975165011e-06,1.270832490263274e-05,0.8391202688217163,34.94269943237305,0.32990574836730957,0.8833256959915161,-0.4687597453594208,-6.548404599016067e-06,1.27033799799392e-05,asphalt,0.0,0.0,1,900.0000153944537,1,-10.56480884552002,-0.00011477194493636489,13.019497848564738,160.0070844748131,-0.0,8309.419699857337,3462.580300142663,1.8329257727600634e-05,0.00017123626587702448,True,-0.0,True,0,0,-0.000140066011226736,5.4795918464660645,0.08173217624425888,False,True,-0.8409423828125,37.13539505004883,-7.450580596923828e-09,0.0,0.0,1.0,4205.89892578125,4205.89892578125,0.31241342425346375,0.08758658170700073,0.0,asphalt,True,0.8390575051307678,37.135440826416016,1.4901161193847656e-08,0.0,0.0,1.0,4205.939453125,4205.939453125,0.312412828207016,0.08758717775344849,0.0,asphalt,True,-0.8408795595169067,34.93476486206055,1.862645149230957e-08,0.0,0.0,1.0,1680.3067626953125,1680.3067626953125,0.364999920129776,0.03500008583068848,0.0,asphalt,True,0.8391203880310059,34.934814453125,-4.0978193283081055e-08,0.0,0.0,1.0,1680.336181640625,1680.336181640625,0.3649994432926178,0.03500056266784668,0.0,asphalt,498,14.706919075214088,96.49647429251829,14.730460322701848,5.48166188313782,-3.631161682631889e-06,-0.11463286166014933,-6.624198573431172e-07,-4342.158229825735,0.019915109888899978,0.0,1484.027611873364,1484.027611873364,4205.888671875,True,0.0,497,4.656335327484475e-05,-0.11429495710137322,-8.83367767960614e-07,True,498,compliant-rolling,-36.186648809424824,0.00015978785714477637,12.366896765611367,4464.200656364681,4464.210451664487,82739.33196857902,67729.42498674213,-0.02894896737738535,1.2389796820069356e-07,-0.1143290613764018,-6.40572344561629e-07,62.853203417420396,2.7397268849006083e-07,22.772536263496033,8.561646515313021e-08,0.0,0.0001868767820678141,1.3304146587959471e-06,0.999999999591485,2.858170397329795e-05,-3.4091842479874737e-07,0.3299999999999809,-1.1486089679357061e-10,4.037374143587746e-06,-2.504622453520953e-07,0.0,0.0,0.0,0.0,-15.147261807767975,-0.0004306208969778965,30.396790462639586,1.90147451155904e-09,-6.688512436232492e-05,-0.00017421832019937062,14.708067638929435,96.49713593658583,14.731608886417195,5.481692703254039,-3.6311205727713102e-06,-0.11456869554814608,-6.624086334893008e-07,-4341.865679962434,0.019928699792974517,0.0,1483.9342817433892,1483.9342817433892,4205.93017578125,True,0.0,497,4.656335327484475e-05,-0.11423076403173354,-8.833433988605035e-07,True,498,compliant-rolling,-36.184214634511555,0.0001598589899941003,12.366119014528243,4464.240303992021,4464.249166397488,82740.0667962565,67729.99308988685,-0.028947023518885333,1.2396234455563912e-07,-0.1142650453338954,-6.39831504655499e-07,62.84476279637004,2.744955016563191e-07,22.758383143252004,8.577984426749472e-08,0.0,0.000187847870366218,1.3343481096286482e-06,0.999999999591485,2.858170397329795e-05,-3.4091842479874737e-07,0.3299999999999809,-1.1486986007672891e-10,4.037689204019073e-06,-2.504817934077839e-07,0.0,0.0,0.0,0.0,-15.146241815349791,-0.0004305918996544461,-30.39473510804402,1.9023208565855864e-09,-6.691489488620513e-05,-0.00017429495004644277,14.623773655968025,95.19813852769298,14.647314903455785,5.481661882434869,3.674007801783993e-05,-0.11963827576946359,6.702361219143712e-06,-1911.835890368743,-0.08692293624642343,-0.0,681.7810527362803,681.7810527362803,1680.3333740234375,True,0.0,497,4.656335327484475e-05,-0.11930228166349176,6.4777619747101266e-06,True,498,compliant-rolling,-15.932909765488585,-0.000723219072228507,5.681508772802336,1954.9138311201086,1954.885967241504,36232.301568346,31051.631013505055,-0.012746121489301229,-5.741088297626507e-07,-0.11931730711580651,6.33055850860812e-06,12.184771001222064,6.411276346616306e-08,10.465158469695305,2.0035238583227696e-08,0.0,8.233302644139957e-05,-8.066117820258328e-07,0.999999999591485,2.858170397329795e-05,-3.4091842479874737e-07,0.3299999999999809,-1.1421196868188314e-10,4.014564245670999e-06,-2.4904702531518306e-07,0.0,0.0,0.0,0.0,-6.669309833888986,-0.00018960154114586978,13.383645288122892,-8.606303098359769e-09,0.0003027301441772611,-0.0008030046387708112,14.625260585197356,95.19965640212342,14.648801832685116,5.481692703955352,3.674004912042439e-05,-0.11955371200717366,6.702318262635232e-06,-1911.7113409505992,-0.08697855792174082,-0.0,681.742460197577,681.742460197577,1680.3690185546875,True,0.0,497,4.656335327484475e-05,-0.1192176829468044,6.477732217179691e-06,True,498,compliant-rolling,-15.931875853798886,-0.0007236618786280371,5.681187168313142,1954.9511533103855,1954.916770884544,36232.993296457884,31052.190900147198,-0.012745293231110878,-5.744616974417233e-07,-0.11923276501398765,6.330038388654452e-06,12.183187490775525,6.467909225120421e-08,10.45713324720354,2.0212216328496356e-08,0.0,8.264371603260001e-05,-8.09303305482328e-07,0.999999999591485,2.858170397329795e-05,-3.4091842479874737e-07,0.3299999999999809,-1.1422355777875327e-10,4.01497160368233e-06,-2.490723063320846e-07,0.0,0.0,0.0,0.0,-6.668876577029029,-0.000189589224104016,-13.382773806406153,-8.61157187902828e-09,0.00030291547563877105,-0.0008034977315464347,1,0.9052039793303592,0.9052039793303593,0.11463244240411682,True,hold,497,0.11463089533051822,1,0.905147051275673,0.9051470512756731,0.11456844372214742,True,hold,497,0.1145659763119809,1,0.6237932337270081,0.6237932337288468,0.11961316102046805,True,hold,497,0.119686671740283,1,0.6237579236162122,0.6237579236180437,0.11952928268319844,True,hold,497,0.11960112149240688,True,True,0.0,1.0,False,-0.11463244240411682,-0.11456844372214742,-0.11961316102046805,-0.11952928268319844,0.0,0.0,0.0,0.0,497,497,497,497,True,0.0,-0.0,1.8333214029553346e-05,2.9886366383744925e-06,-1.8333214029553346e-05,-0.0,-0.06513531920995774,-0.06513531920995774,0.06513531920995774,1,1,1,1,1.0,False,497,0.0,2.9886366383744925e-06,94.24778120907536,94.24778121979722,1,12.025,0.0,23.99999776763779,0.254647904423321,engaged,0.0,0.0,-0.0,-81.61112674291216,-0.0,0.0,175.85890703089856,2.867083911069453e-06,-2.1857531630688305e-05,-0.0009151667867757327,18.84955435348359,18.84955595716049,0.0,0.0,5.479591848256206,36.04510881144973
264,2.2,0,0.0,1,1,,,,-0.000917900528293103,36.303680419921875,0.41858628392219543,0.0016906409291550517,4.951259613037109,-1.3694666624069214,2.284762194904033e-05,-0.8409502506256104,37.401851654052734,0.32990577816963196,-0.08577077835798264,0.9963148832321167,1.4677412764285691e-05,-1.4636129890277516e-06,0.8390496969223022,37.40190124511719,0.32990577816963196,-0.08541353046894073,0.996345579624176,1.467793572373921e-05,-1.4583498568754294e-06,-0.8408854007720947,35.20122146606445,0.3299057185649872,0.6721028685569763,-0.7404577732086182,-1.078694094758248e-05,1.0060343811346684e-05,0.8391145467758179,35.201271057128906,0.32990577816963196,0.6715123057365417,-0.7409934401512146,-1.079495905287331e-05,1.0051740900962614e-05,asphalt,0.0,0.0,1,900.0000156779037,1,-10.562858581542969,-0.00011880511010531336,10.665744869505653,160.00373801446227,-0.0,8308.67266774777,3463.327332252229,1.8236161849927157e-05,0.00017840111499232235,True,-0.0,True,0,0,-0.0001305629120906815,4.951259613037109,0.08174623548984528,False,True,-0.8409501910209656,37.39396286010742,1.4901161193847656e-08,0.0,0.0,1.0,4205.90625,4205.90625,0.31240931153297424,0.08759069442749023,0.0,asphalt,True,0.8390498161315918,37.394012451171875,0.0,0.0,0.0,1.0,4205.94921875,4205.94921875,0.31240859627723694,0.08759140968322754,0.0,asphalt,True,-0.8408852815628052,35.19333267211914,-1.4901161193847656e-08,0.0,0.0,1.0,1680.1708984375,1680.1708984375,0.3650030791759491,0.03499692678451538,0.0,asphalt,True,0.8391146659851074,35.19338607788086,-3.725290298461914e-09,0.0,0.0,1.0,1680.2069091796875,1680.2069091796875,0.36500242352485657,0.03499758243560791,0.0,asphalt,504,13.289111423880378,97.19371847701059,13.312672882915276,4.95333150261783,-4.375626539064104e-06,-0.1146551028206987,-8.833704218565731e-07,-4342.129714154457,0.02494202118289292,0.0,1484.027611873364,1484.027611873364,4205.91162109375,True,0.0,503,6.59384772127671e-05,-0.1142809368753817,-1.1216967077820153e-06,True,504,compliant-rolling,-36.1864917564511,0.00020107399189633668,12.366896765611367,4464.222579175223,4464.217448305742,82739.73828514914,67729.73911446726,-0.028948801581357153,1.557341584106393e-07,-0.1143194167486116,-8.022014418987496e-07,62.852483476577966,3.0008703310036395e-07,20.58433824627941,9.377719784362677e-08,0.0,0.00019052304911579436,1.581897421297028e-06,0.999999999564863,2.9497719866310183e-05,-3.986523323049091e-07,0.3299999999999738,-1.0673477227370457e-10,3.635189210244928e-06,-1.4699517391176256e-07,0.0,0.0,0.0,0.0,-15.147172341316335,-0.0004445051692311822,30.39665687664003,2.4699390423758523e-09,-8.41668330024639e-05,-0.0002192331662347795,13.290158745270693,97.19443483633432,13.313720204305591,4.953362170349947,-4.3756271732582174e-06,-0.1145908102194889,-8.833650806817439e-07,-4341.835043278549,0.024958036912061346,0.0,1483.9342817433892,1483.9342817433892,4205.9521484375,True,0.0,503,6.59384772127671e-05,-0.1142166137460207,-1.1216908244110722e-06,True,504,compliant-rolling,-36.184038313633934,0.00020116258247681343,12.366119014528243,4464.261293896538,4464.258495243235,82740.45582238045,67730.29385003481,-0.028946840227139444,1.5581243140319342e-07,-0.11425518785051161,-8.013341648780912e-07,62.84396693698619,3.0044561018731623e-07,20.57149921354593,9.388925318348279e-08,0.0,0.0001909907923674417,1.586172201582333e-06,0.999999999564863,2.9497719866310183e-05,-3.986523323049091e-07,0.3299999999999738,-1.0674318300717354e-10,3.6354756642863852e-06,-1.470067576525099e-07,0.0,0.0,0.0,0.0,-15.146143206849022,-0.00044447496850590843,-30.39458435430719,2.4710269134680593e-09,-8.420390382201656e-05,-0.00021932981588894775,13.212027824493093,95.89138332461299,13.235589283527991,4.9533315040221275,3.579508272498114e-05,-0.11979055337966783,7.2264662066918554e-06,-1911.9107434288687,-0.09422684998300321,-0.0,681.7810527345428,681.7810527345428,1680.1873779296875,True,0.0,503,6.59384772127671e-05,-0.11941855753753386,6.9833613581810505e-06,True,504,compliant-rolling,-15.933611563950006,-0.000784643821397734,5.681508772787856,1954.7609626925835,1954.7437073936737,36229.46831049176,31049.337760583727,-0.012746630154398603,-6.244060532231354e-07,-0.11943547850032582,6.869058251562111e-06,12.185743551218,7.888714742185966e-08,9.470450098337594,2.465223356928228e-08,0.0,8.37797309216582e-05,-5.659419995328852e-07,0.999999999564863,2.9497719866310183e-05,-3.986523323049091e-07,0.3299999999999738,-1.0611586134838458e-10,3.614110248416818e-06,-1.4614271987974263e-07,0.0,0.0,0.0,0.0,-6.6695926757176025,-0.00019572421533333318,13.38423487303183,-9.638354471165978e-09,0.0003284412114125903,-0.0008712051653019448,13.21341409314233,95.89297282048697,13.236975552177228,4.953362170348786,3.579501245100207e-05,-0.11970364758739455,7.226407280422726e-06,-1911.7831381663768,-0.09428937947875878,-0.0,681.7424601958462,681.7424601958462,1680.223876953125,True,0.0,503,6.59384772127671e-05,-0.11933161192941652,6.983317085610317e-06,True,504,compliant-rolling,-15.932551488992022,-0.0007851412836158496,5.6811871682987185,1954.7991799239896,1954.781413395301,36230.17662726327,31049.911076616154,-0.012745778306056048,-6.2480399792587e-07,-0.11934849805118894,6.868441542270866e-06,12.184114876313176,7.974704601135996e-08,9.462985984631562,2.4920951878585543e-08,0.0,8.360774203034593e-05,-5.687797898782718e-07,0.999999999564863,2.9497719866310183e-05,-3.986523323049091e-07,0.3299999999999738,-1.0612697877673262e-10,3.6144888873956943e-06,-1.461580381226011e-07,0.0,0.0,0.0,0.0,-6.669148467958639,-0.00019571117972242024,-13.383341267482084,-9.644464477105208e-09,0.00032864941891921624,-0.0008717572793458298,1,0.9052039793303592,0.9052039793303593,0.11464948772524224,True,hold,503,0.11466473340167678,1,0.905147051275673,0.9051470512756731,0.11458517423973005,True,hold,503,0.11460030696869489,1,0.6237932337270081,0.6237932337272569,0.11976570613288758,True,hold,503,0.11984127515188536,1,0.6237579236162122,0.6237579236164601,0.11967930806407226,True,hold,503,0.1197538627492601,True,True,0.0,1.0,False,-0.11464948772524224,-0.11458517423973005,-0.11976570613288758,-0.11967930806407226,0.0,0.0,0.0,0.0,503,503,503,503,True,0.0,-0.0,1.8313308828510344e-05,3.1136868458450432e-06,-1.8313308828510344e-05,-0.0,-0.06510349796826631,-0.06510349796826631,0.06510349796826631,1,1,1,1,1.0,False,503,0.0,3.1136868458450432e-06,94.24778071964275,94.24778124948003,1,12.025,0.0,23.999997860159265,0.2546479046108087,engaged,0.0,0.0,-0.0,-64.63450586627437,-0.0,0.0,158.8822860503742,2.8541592061193505e-06,-2.193263369735195e-05,-0.0009181423546345499,18.849554406997377,18.84955593273388,0.0,0.0,4.951259614758557,36.30368043629311
270,2.25,0,0.0,1,1,,,,-0.0009241412044502795,36.53583908081055,0.41858622431755066,0.0017419445794075727,4.423012733459473,-1.3695919513702393,2.4614368157926947e-05,-0.840957522392273,37.634010314941406,0.32990574836730957,0.22534780204296112,0.9742783904075623,1.4853719221719075e-05,3.215213837393094e-06,0.8390424251556396,37.63405990600586,0.32990574836730957,0.22572313249111176,0.9741915464401245,1.4852478670945857e-05,3.2209361506829737e-06,-0.840890645980835,35.433380126953125,0.32990574836730957,-0.4129582941532135,0.9107499122619629,1.3751257029070985e-05,-6.47097067485447e-06,0.8391093015670776,35.43342971801758,0.32990574836730957,-0.4122042655944824,0.9110914468765259,1.375661031488562e-05,-6.459586074925028e-06,asphalt,0.0,0.0,1,900.0000158390418,1,-10.561309814453125,-0.00011750413978006691,8.546815712391094,160.0007101066089,-0.0,8308.023069031598,3463.9769309684016,1.7577292965142988e-05,0.00017898904281717662,True,-0.0,True,0,0,-0.00012062736641382799,4.423012733459473,0.08175044506788254,False,True,-0.8409574031829834,37.626121520996094,0.0,0.0,0.0,1.0,4205.86669921875,4205.86669921875,0.31240686774253845,0.08759313821792603,0.0,asphalt,True,0.8390424847602844,37.62616729736328,-1.4901161193847656e-08,0.0,0.0,1.0,4205.904296875,4205.904296875,0.31240615248680115,0.08759385347366333,0.0,asphalt,True,-0.8408905267715454,35.42549514770508,3.3527612686157227e-08,0.0,0.0,1.0,1680.1114501953125,1680.1114501953125,0.3650054633617401,0.034994542598724365,0.0,asphalt,True,0.8391094207763672,35.425540924072266,1.4901161193847656e-08,0.0,0.0,1.0,1680.1473388671875,1680.1473388671875,0.3650047481060028,0.03499525785446167,0.0,asphalt,510,11.871302756664036,97.82007255579995,11.894886857997305,4.425087182792289,-5.119879837423718e-06,-0.11469994875292874,-1.1570121956762717e-06,-4342.126810745159,0.03127905122161976,0.0,1484.027611873364,1484.027611873364,4205.8720703125,True,0.0,509,9.969721989256598e-05,-0.11428116003026151,-1.3929322767579077e-06,True,510,compliant-rolling,-36.18657613743864,0.00025366193148177206,12.366896765611367,4464.184797302792,4464.179666428486,82739.03803730498,67729.19774524878,-0.028948833249179073,1.9711988605419168e-07,-0.11432596601270095,-1.006074875113062e-06,62.85262098957241,3.347114194755448e-07,18.399658194135526,1.0459731858600051e-07,0.0,0.00019817663170173405,1.7110683134910103e-06,0.9999999995380588,3.039239889818728e-05,-4.294790299189694e-07,0.32999999999996965,-9.483901071849134e-11,3.1353010874800683e-06,-2.094891492997017e-08,4.815596874849766e-15,1.469603538467336e-19,-2.2962555288552124e-21,2.840334581085404e-17,-15.14720226942157,-0.00045814111307490997,30.39672675516336,3.2114936542326435e-09,-0.00010617939010348492,-0.0002765695944461832,11.872241651948793,97.82083834375467,11.895825753282061,4.425116741059348,-5.119786873096889e-06,-0.11463584479246253,-1.1569834588971672e-06,-4341.831617184231,0.0312974982991034,0.0,1483.9342817433892,1483.9342817433892,4205.91064453125,True,0.0,509,9.969721989256598e-05,-0.11421702265529224,-1.3929029615861026e-06,True,510,compliant-rolling,-36.18411837021058,0.0002537679900115428,12.366119014528243,4464.2216462899105,4464.21558253486,82739.72099508686,67729.72574733525,-0.028946869508113957,1.972126386249273e-07,-0.11426197131795032,-1.0050230088587185e-06,62.84409407690028,3.34906464060769e-07,18.388226399818414,1.0465827001930491e-07,0.0,0.00019880903286348956,1.7156025053643102e-06,0.9999999995380588,3.039239889818728e-05,-4.294790299189694e-07,0.32999999999996965,-9.48465118564361e-11,3.1355490690437203e-06,-2.0950571687742174e-08,4.815977720286284e-15,1.4697197632709607e-19,-2.296437130110876e-21,2.840559178926021e-17,-15.146173481917792,-0.00045810999644731664,-30.394654755812752,3.212836411079705e-09,-0.00010622378474299803,-0.0002766839527194637,11.801245460296139,96.51406722820646,11.824829561629407,4.4250871820893245,3.3597477077498204e-05,-0.11992445761066248,7.592500598144016e-06,-1912.0131571797033,-0.09973190399796152,-0.0,681.7810527343075,681.7810527343075,1680.1151123046875,True,0.0,509,9.969721989256598e-05,-0.11950814046687994,7.352233451194525e-06,True,510,compliant-rolling,-15.934572153115557,-0.0008310262377660687,5.681508772785896,1954.6852948858207,1954.6814603599216,36228.065886124,31048.202627677303,-0.012747362180852996,-6.62624404759341e-07,-0.11952875318526675,7.275759638339162e-06,12.187143225668425,9.751991621073317e-08,8.472249100904444,3.047497381577346e-08,0.0,9.116994824594607e-05,-3.3824328406035945e-07,0.9999999995380588,3.039239889818728e-05,-4.294790299189694e-07,0.32999999999996965,-9.427926055635048e-11,3.1167961988431585e-06,-2.082530183979078e-08,4.787206177536189e-15,1.4609393852344327e-19,-2.282717789428801e-21,2.823609679204436e-17,-6.6699928655245735,-0.0002017400904312232,13.385042499675782,-1.0521230613955732e-08,0.0003478561597827175,-0.0009227069983569314,11.802528503339442,96.51572336463799,11.82611260467271,4.425116739654571,3.359757002304882e-05,-0.11983465403317432,7.59247088812981e-06,-1911.8836585169295,-0.09980094177062297,-0.0,681.7424601956118,681.7424601956118,1680.1544189453125,True,0.0,509,9.969721989256598e-05,-0.11941829147556945,7.352189225262921e-06,True,510,compliant-rolling,-15.933496255114775,-0.0008315719951298996,5.6811871682967645,1954.7264520778401,1954.7190386776917,36228.82869201816,31048.82004884898,-0.012746500139828143,-6.630633186005902e-07,-0.11943894758064318,7.2749922786463225e-06,12.185494969071886,9.81473675655915e-08,8.465372259370202,3.067105236419553e-08,0.0,9.136245729202458e-05,-3.4144398053444105e-07,0.9999999995380588,3.039239889818728e-05,-4.294790299189694e-07,0.32999999999996965,-9.428949801100167e-11,3.117134640745635e-06,-2.0827568779050004e-08,4.787724613410838e-15,1.4610975993075066e-19,-2.282964998917979e-21,2.8239150256284973e-17,-6.669542034555626,-0.00020172645463246324,-13.384133189564928,-1.0528139440541781e-08,0.0003480845815304207,-0.0009233139812009476,1,0.9052039793303592,0.9052039793303593,0.11469139120656803,True,hold,509,0.11471633861480604,1,0.905147051275673,0.9051470512756731,0.11462723278257968,True,hold,509,0.11465173984496745,1,0.6237932337270081,0.6237932337270418,0.11990444075181542,True,hold,509,0.11996802622096964,1,0.6237579236162122,0.6237579236162457,0.11981507854059918,True,hold,509,0.11987774299244407,True,True,0.0,1.0,False,-0.11469139120656803,-0.11462723278257968,-0.11990444075181542,-0.11981507854059918,0.0,0.0,0.0,0.0,509,509,509,509,True,0.0,-0.0,1.7731557818478905e-05,3.1239481221528388e-06,-1.7731557818478905e-05,-0.0,-0.06592213778867517,-0.06592213778867517,0.06592213778867517,1,1,1,1,1.0,False,509,0.0,3.1239481221528388e-06,94.24778021467701,94.24778126635438,1,12.025,0.0,23.999997727903764,0.25464790434280304,engaged,0.0,0.0,-0.0,-47.669498268485825,-0.0,0.0,141.91727855062734,2.7519852899676915e-06,-2.201841197063698e-05,-0.0009216850120647009,18.849554322735216,18.849555952117694,0.0,0.0,4.423012735104388,36.535839097265665
276,2.3,0,0.0,1,1,,,,-0.0009298658114857972,36.74158477783203,0.41858622431755066,0.001790549955330789,3.894840717315674,-1.369654655456543,2.5052153432625346e-05,-0.8409641981124878,37.839752197265625,0.32990574836730957,0.48384004831314087,0.8751564621925354,1.3775927072856575e-05,7.366437785094604e-06,0.8390357494354248,37.83980178833008,0.3299056887626648,0.4841938316822052,0.8749607801437378,1.3772946658718865e-05,7.37200707590091e-06,-0.840895414352417,35.63912582397461,0.3299056887626648,-0.14905689656734467,0.9888286590576172,1.5413192159030586e-05,-2.5444257971685147e-06,0.8391045331954956,35.63917541503906,0.32990574836730957,-0.14820434153079987,0.9889567494392395,1.541537858429365e-05,-2.5311367153335596e-06,asphalt,0.0,0.0,1,900.0000135896703,1,-10.559962272644043,-0.00010999180085491389,6.662551629060341,159.99920859613914,-0.0,8307.458171104816,3464.541828895184,1.6454609067295678e-05,0.00017304149643176256,True,-0.0,True,0,0,-0.00010999215737683699,3.894840717315674,0.08174875378608704,False,True,-0.8409640789031982,37.83186721801758,2.2351741790771484e-08,0.0,0.0,1.0,4205.8115234375,4205.8115234375,0.31240567564964294,0.08759433031082153,0.0,asphalt,True,0.8390358090400696,37.83191680908203,-3.725290298461914e-08,0.0,0.0,1.0,4205.84326171875,4205.84326171875,0.3124050199985504,0.08759498596191406,0.0,asphalt,True,-0.8408952951431274,35.6312370300293,-3.725290298461914e-08,0.0,0.0,1.0,1680.1182861328125,1680.1182861328125,0.3650067150592804,0.03499329090118408,0.0,asphalt,True,0.8391046524047852,35.63128662109375,-1.1175870895385742e-08,0.0,0.0,1.0,1680.155517578125,1680.155517578125,0.3650059401988983,0.03499406576156616,0.0,asphalt,516,10.45367622415523,98.37554208773906,10.47728043087236,3.8969178911171913,-5.896628604542983e-06,-0.11475857322158974,-1.5131518726580104e-06,-4342.134046254059,0.03922803922533009,0.0,1484.027611873364,1484.027611873364,4205.818359375,True,0.0,515,4.3056977250482145e-05,-0.11428304051092868,-1.74420392322822e-06,True,516,compliant-rolling,-36.186771614163405,0.00031968849058764304,12.366896765611367,4464.133488530257,4464.126958318143,82738.08708238821,67728.46255126025,-0.028948962087849837,2.489961944010531e-07,-0.11433702673290637,-1.26186909690484e-06,62.853180451932474,3.775808964655263e-07,16.215711649256882,1.1799403014574588e-07,0.0,0.00021026692341659397,1.878610065172127e-06,0.9999999995119191,3.124053544819139e-05,-4.3711764853053006e-07,0.3299999999999685,-8.050642515663648e-11,2.588811998866891e-06,3.3115598253031844e-08,0.0,0.0,0.0,0.0,-15.1472851713371,-0.000471132318077583,30.396893795039844,4.162172333006056e-09,-0.0001338172076955889,-0.0003485578807320293,10.454503020236547,98.37635170944385,10.478107226953679,3.8969455616875615,-5.896580903559873e-06,-0.11469484444537006,-1.513128887795362e-06,-4341.839726518953,0.03924962511854219,0.0,1483.9342817433892,1483.9342817433892,4205.8564453125,True,0.0,515,4.3056977250482145e-05,-0.1142192744229677,-1.7441964110263677e-06,True,516,compliant-rolling,-36.18432080985428,0.00031981694594127534,12.366119014528243,4464.169871121175,4464.157277151125,82738.7613959999,67728.9838707792,-0.02894700002792958,2.491067399955506e-07,-0.11427326302109907,-1.2605802216205183e-06,62.8446608009257,3.783705717224089e-07,16.205678591040623,1.1824080366351911e-07,0.0,0.0002102776704834049,1.883614119209603e-06,0.9999999995119191,3.124053544819139e-05,-4.3711764853053006e-07,0.3299999999999685,-8.051279033085609e-11,2.589016681142825e-06,3.3118215567927205e-08,0.0,0.0,0.0,0.0,-15.146258219965464,-0.0004711003763814442,-30.394824131028557,4.163844456217266e-09,-0.00013387096780957376,-0.00034869830465076614,10.391511265290383,97.06624204726863,10.415115472007514,3.8969178925246863,3.034718122807824e-05,-0.12002284571517295,7.787482842704653e-06,-1912.1057358360363,-0.10316294824150629,-0.0,681.7810527342758,681.7810527342758,1680.1160888671875,True,0.0,515,4.3056977250482145e-05,-0.11955014054090782,7.552334972491742e-06,True,516,compliant-rolling,-15.935478189399417,-0.0008600796518003672,5.681508772785632,1954.6863174259195,1954.6886181409236,36228.08483784486,31048.217967359986,-0.012748076549274756,-6.871456819096266e-07,-0.119577291064197,7.528946003979371e-06,12.188509213375363,1.185957646591745e-07,7.469669349635929,3.706117645599061e-08,0.0,0.00010574655517708519,-9.109595506230105e-08,0.9999999995119191,3.124053544819139e-05,-4.3711764853053006e-07,0.3299999999999685,-8.002738340113199e-11,2.5734076484076613e-06,3.291842253659171e-08,0.0,0.0,0.0,0.0,-6.6703711698545884,-0.00020747133206669942,13.385804494904093,-1.1197773227865113e-08,0.00036001746825295385,-0.0009549650335756463,10.392644481851676,97.06795846245976,10.416248688568807,3.8969455609856576,3.0347228848840715e-05,-0.11993313087409908,7.787439771304247e-06,-1911.9717394975878,-0.10323502270711479,-0.0,681.7424601955802,681.7424601955802,1680.15087890625,True,0.0,515,4.3056977250482145e-05,-0.11946037492356625,7.552292621084887e-06,True,516,compliant-rolling,-15.93436351922697,-0.0008606476027050344,5.681187168296502,1954.7227453781563,1954.7276024327555,36228.75999218157,31048.76444268317,-0.012747181275271411,-6.876044739903557e-07,-0.11948744957427979,7.528067932530603e-06,12.18679732030725,1.193817333489083e-07,7.4635832667951725,3.730679167153701e-08,0.0,0.00010545179312388287,-9.435160856143308e-08,0.9999999995119191,3.124053544819139e-05,-4.3711764853053006e-07,0.3299999999999685,-8.00361113360339e-11,2.5736883090247214e-06,3.2922013014922004e-08,0.0,0.0,0.0,0.0,-6.66990505919023,-0.0002074568344326154,-13.38486266613965,-1.1205168440130304e-08,0.0003602552303099923,-0.0009555979333701657,1,0.9052039793303592,0.9052039793303593,0.11474806357582229,True,hold,515,0.11477889643876239,1,0.905147051275673,0.9051470512756731,0.11468439977430683,True,hold,515,0.11471502250758331,1,0.6237932337270081,0.6237932337270127,0.12000928113361492,True,hold,515,0.12005353833662596,1,0.6237579236162122,0.6237579236162167,0.11991950525519686,True,hold,515,0.11996473413563621,True,True,0.0,1.0,False,-0.11474806357582229,-0.11468439977430683,-0.12000928113361492,-0.11991950525519686,0.0,0.0,0.0,0.0,515,515,515,515,True,0.0,-0.0,1.6680916814948432e-05,3.0201438553122757e-06,-1.6680916814948432e-05,-0.0,-0.061292958994044966,-0.061292958994044966,0.061292958994044966,1,1,1,1,1.0,False,515,0.0,3.0201438553122757e-06,94.24777973954347,94.24778103080074,1,12.025,0.0,23.999998032996146,0.25464790496104944,engaged,0.0,0.0,-0.0,-30.716792662499316,-0.0,0.0,124.96457278446887,2.5775423701214684e-06,-2.2099754142166032e-05,-0.0009249362679897181,18.84955452683846,18.84955592685004,0.0,0.0,3.8948407188687892,36.7415847943668
282,2.35,0,0.0,1,1,,,,-0.0009350316831842065,36.92092514038086,0.4185860753059387,0.0018350747413933277,3.366727113723755,-1.369667887687683,2.455236426612828e-05,-0.8409701585769653,38.01908874511719,0.3299056887626648,0.6796867251396179,0.7335025072097778,1.1888174412888475e-05,1.0723938430601265e-05,0.8390297889709473,38.01914596557617,0.3299056887626648,0.6799972653388977,0.7332146167755127,1.188363239634782e-05,1.0728970664786175e-05,-0.8408997058868408,35.81846237182617,0.3299057185649872,0.09111529588699341,0.995840311050415,1.5961850294843316e-05,1.2453502904463676e-06,0.8391002416610718,35.818519592285156,0.3299057185649872,0.09199658781290054,0.9957593083381653,1.5960740711307153e-05,1.2594762210937915e-06,asphalt,0.0,0.0,1,900.0000116880896,1,-10.558760643005371,-9.762405534274876e-05,5.012801629197297,159.99911734412163,-0.0,8306.97646088353,3465.0235391164697,1.4835058209428098e-05,0.00016169724724337205,True,-0.0,True,0,0,-9.840504208113998e-05,3.366727113723755,0.0817456841468811,False,True,-0.8409700989723206,38.011199951171875,-1.4901161193847656e-08,0.0,0.0,1.0,4205.7568359375,4205.7568359375,0.31240537762641907,0.08759462833404541,0.0,asphalt,True,0.839029848575592,38.01125717163086,7.450580596923828e-09,0.0,0.0,1.0,4205.78857421875,4205.78857421875,0.31240466237068176,0.08759534358978271,0.0,asphalt,True,-0.8408995866775513,35.81057357788086,7.450580596923828e-09,0.0,0.0,1.0,1680.1839599609375,1680.1839599609375,0.36500683426856995,0.03499317169189453,0.0,asphalt,True,0.8391003608703613,35.810630798339844,-1.1175870895385742e-08,0.0,0.0,1.0,1680.215576171875,1680.215576171875,0.36500611901283264,0.034993886947631836,0.0,asphalt,522,9.036257347096171,98.86013714235179,9.059875499430506,3.3688068813552854,-6.3224911334071755e-06,-0.11483055290429524,-1.8767745840201404e-06,-4342.138164093938,0.047991609612691784,0.0,1484.027611873364,1484.027611873364,4205.76611328125,True,0.0,521,5.2234007097568086e-05,-0.11428052310884933,-2.1013257012346485e-06,True,522,compliant-rolling,-36.18696057847097,0.00039297659932225346,12.366896765611367,4464.083579025013,4464.07471658302,82737.16206144032,67727.74740666563,-0.02894908485760837,3.074329203110755e-07,-0.11434722449481832,-1.5439064827604323e-06,62.85371356406439,4.292085893149504e-07,14.031388270241031,1.3412768416066615e-07,0.0,0.00022456454731694135,1.876671566030454e-06,0.9999999994873369,3.201784973523355e-05,-4.2839715464102246e-07,0.32999999999996976,-6.443881600454064e-11,2.0213072575700002e-06,6.773811036947913e-08,0.0,0.0,0.0,0.0,-15.147359954999564,-0.00048311312531530703,30.397053678007282,5.246424403692678e-09,-0.00016449455573694182,-0.00042846451506907467,9.036965642022892,98.86098485797247,9.060583794357226,3.3688318277842875,-6.32254207272606e-06,-0.11476772533679677,-1.8767758071429266e-06,-4341.842811745781,0.04801660847935069,0.0,1483.9342817433892,1483.9342817433892,4205.79833984375,True,0.0,521,5.2234007097568086e-05,-0.11421765421390696,-2.101326179571187e-06,True,522,compliant-rolling,-36.184500095255466,0.00039312998631942065,12.366119014528243,4464.1143643346395,4464.105035455425,82737.73263524492,67728.1885240497,-0.028947114374022007,3.0756374549944855e-07,-0.11428428970463032,-1.542314561145509e-06,62.84515730079802,4.298423148937144e-07,14.022806003425401,1.3432572340424257e-07,0.0,0.00022434435752018963,1.8820466544334096e-06,0.9999999994873369,3.201784973523355e-05,-4.2839715464102246e-07,0.32999999999996976,-6.444386801118062e-11,2.0214657281735746e-06,6.774342147650663e-08,0.0,0.0,0.0,0.0,-15.146328952458756,-0.00048308024230063137,-30.394971425549944,5.2484718193393304e-09,-0.00016455874969101232,-0.00042863318402174976,8.982583964601156,97.54795451609125,9.00620211693549,3.368806881356072,2.63547536834175e-05,-0.12008826486222134,7.823171410844145e-06,-1912.161511389908,-0.10459924801532862,-0.0,681.7810527342715,681.7810527342715,1680.169189453125,True,0.0,521,5.2234007097568086e-05,-0.11954150212298288,7.595254448078372e-06,True,522,compliant-rolling,-15.936098545194392,-0.0008724030851530157,5.6815087727855955,1954.7419179543,1954.7573838171634,36229.11533600778,31049.052060592552,-0.012748563170624156,-6.981957295431727e-07,-0.11957802562106122,7.633900850151174e-06,12.189439755215393,1.4561673980574383e-07,6.4634923173535554,4.550523118935367e-08,0.0,0.00012296420371547777,1.301114161472887e-07,0.9999999994873369,3.201784973523355e-05,-4.2839715464102246e-07,0.32999999999996976,-6.405564920231174e-11,2.0092881356343635e-06,6.733515441413956e-08,0.0,0.0,0.0,0.0,-6.670629417261528,-0.0002127544757084724,13.38632439047791,-1.1646995057278595e-08,0.0003651758093128957,-0.0009686507565470697,8.98356079601111,97.54972348315981,9.007178948345445,3.368831827785074,2.6354702744098616e-05,-0.11999909338527837,7.823098358960992e-06,-1912.0262429741715,-0.10467314409789297,-0.0,681.742460195576,681.742460195576,1680.201416015625,True,0.0,521,5.2234007097568086e-05,-0.11945227296245249,7.595182193603362e-06,True,522,compliant-rolling,-15.934973513686693,-0.0008729805832211265,5.681187168296466,1954.7756616375646,1954.790488387017,36229.740740201356,31049.55826697113,-0.01274766370752285,-6.986648142511057e-07,-0.11948889983659064,7.632778814654185e-06,12.187719786617079,1.4593049434062758e-07,6.458262155283629,4.5603279481501683e-08,0.0,0.00012331315425609109,1.265780397728955e-07,0.9999999994873369,3.201784973523355e-05,-4.2839715464102246e-07,0.32999999999996976,-6.406261937899786e-11,2.0095067751302933e-06,6.73424832211539e-08,0.0,0.0,0.0,0.0,-6.670158494704836,-0.0002127394560041265,-13.385375318738616,-1.1654704930454588e-08,0.0003654175419798108,-0.0009692887908949251,1,0.9052039793303592,0.9052039793303593,0.11481736227541475,True,hold,521,0.11485498384659158,1,0.905147051275673,0.9051470512756731,0.11475444901346206,True,hold,521,0.11479295954070431,1,0.6237932337270081,0.6237932337270088,0.12007928536759349,True,hold,521,0.12010880651838553,1,0.6237579236162122,0.6237579236162129,0.11998987906555168,True,hold,521,0.12002005440693791,True,True,0.0,1.0,False,-0.11481736227541475,-0.11475444901346206,-0.12007928536759349,-0.11998987906555168,0.0,0.0,0.0,0.0,521,521,521,521,True,0.0,-0.0,1.512882317911135e-05,2.822149355808167e-06,-1.512882317911135e-05,-0.0,-0.054421885137571735,-0.054421885137571735,0.054421885137571735,1,1,1,1,1.0,False,521,0.0,2.822149355808167e-06,94.24777933690812,94.24778083166767,1,12.025,0.0,23.999998351978682,0.2546479056074432,engaged,0.0,0.0,-0.0,-13.773684618587488,-0.0,0.0,108.02146461023577,2.3250244395252142e-06,-2.2159711806335478e-05,-0.0009273261349364516,18.849554745855592,18.849555911675083,0.0,0.0,3.3667271151618805,36.92092515699004
288,2.4,0,0.0,1,1,,,,-0.0009395871311426163,37.073856353759766,0.4185858964920044,0.0018742147367447615,2.838670015335083,-1.3696486949920654,2.2841160898678936e-05,-0.8409755825996399,38.172019958496094,0.32990574836730957,0.8158506155014038,0.5782627463340759,9.61765726970043e-06,1.3224615031504072e-05,0.8390243649482727,38.17207717895508,0.32990574836730957,0.8161042332649231,0.5779047012329102,9.611853784008417e-06,1.3228834177425597e-05,-0.8409035801887512,35.97139358520508,0.32990574836730957,0.29254233837127686,0.9562526345252991,1.569382948218845e-05,4.592761342792073e-06,0.8390963673591614,35.97145080566406,0.32990574836730957,0.29341039061546326,0.9559866189956665,1.5689656720496714e-05,4.607008577295346e-06,asphalt,0.0,0.0,1,900.0000103980408,1,-10.557676315307617,-8.293255814351141e-05,3.597481111505549,160.0003434394113,-0.0,8306.55690286803,3465.4430971319707,1.2811309716198593e-05,0.00014558870308920813,True,-0.0,True,0,0,-8.574526145821437e-05,2.838670015335083,0.08174582570791245,False,True,-0.8409754633903503,38.16413116455078,7.450580596923828e-09,0.0,0.0,1.0,4205.7265625,4205.7265625,0.31240543723106384,0.08759456872940063,0.0,asphalt,True,0.839024543762207,38.16419219970703,7.450580596923828e-09,0.0,0.0,1.0,4205.75390625,4205.75390625,0.3124047815799713,0.08759522438049316,0.0,asphalt,True,-0.8409034609794617,35.963504791259766,7.450580596923828e-09,0.0,0.0,1.0,1680.2657470703125,1680.2657470703125,0.3650061786174774,0.03499382734298706,0.0,asphalt,True,0.8390965461730957,35.96356201171875,7.450580596923828e-09,0.0,0.0,1.0,1680.29052734375,1680.29052734375,0.3650055229663849,0.03499448299407959,0.0,asphalt,528,7.619055887740564,99.27386796488237,7.642680883424928,2.840752087332486,-6.300624014287119e-06,-0.11492155399060323,-2.2179422281770386e-06,-4342.140262456252,0.05638437964118195,0.0,1484.027611873364,1484.027611873364,4205.72900390625,True,0.0,527,6.494722184509016e-05,-0.11426928265867362,-2.422007485676104e-06,True,528,compliant-rolling,-36.18715755902569,0.0004635605029777453,12.366896765611367,4464.048129245313,4464.045797021868,82736.50503651772,67727.23945268623,-0.028949210840834596,3.643899674397635e-07,-0.114354309981703,-1.8140148176725473e-06,62.85426063299065,4.930082607148279e-07,11.84648737788521,1.5406508147334986e-07,0.0,0.0002413636689374331,1.7258845252174274e-06,0.9999999994652204,3.270168597807381e-05,-3.985395833439363e-07,0.3299999999999738,-4.803395259021464e-11,1.4749691476291865e-06,1.0514378814574377e-07,3.1160342627210805e-15,1.901876381055347e-19,-1.4858409226994898e-21,1.8564332875867612e-17,-15.147434858756984,-0.0004937295163340988,30.397219535034818,6.3247162354068e-09,-0.0001940399024293267,-0.0005054228004537076,7.619653372437909,99.27474807727492,7.643278368122274,2.8407736287538934,-6.300702183021517e-06,-0.11485885835708397,-2.21795292635654e-06,-4341.845313313708,0.056413090469591406,0.0,1483.9342817433892,1483.9342817433892,4205.76025390625,True,0.0,527,6.494722184509016e-05,-0.11420654012757328,-2.4220002363550024e-06,True,528,compliant-rolling,-36.184701199167264,0.000463741128877669,12.366119014528243,4464.077981693456,4464.071917916722,82737.0583207016,67727.66720345043,-0.02894724536807938,3.645437082459644e-07,-0.11429161197802998,-1.8120219207147252e-06,62.845726089951384,4.936003926401288e-07,11.839271109214476,1.5425012270017767e-07,0.0,0.0002414918981986165,1.7315342326967468e-06,0.9999999994652204,3.270168597807381e-05,-3.985395833439363e-07,0.3299999999999738,-4.803771936004382e-11,1.4750848130902756e-06,1.0515203338946737e-07,3.1162785642012417e-15,1.9020254908454845e-19,-1.4859574147230347e-21,1.8565788042216905e-17,-15.146405582702748,-0.0004936959671574116,-30.39513995956718,6.327180204467173e-09,-0.00019411549606835628,-0.0005056208792172693,7.574171151751668,97.95923704112347,7.597796147436032,2.840752087332976,2.191641161665722e-05,-0.12013565308176138,7.71500326056206e-06,-1912.1753723290005,-0.10436319481531936,0.0,681.7810527342708,681.7810527342708,1680.25537109375,True,0.0,527,6.494722184509016e-05,-0.1194872243553788,7.509930706993901e-06,True,528,compliant-rolling,-15.93639752315222,-0.0008706488523489365,5.68150877278559,1954.832156598748,1954.843020993562,36230.78781574919,31050.40577590526,-0.012748807693091167,-6.977352099772864e-07,-0.11953858014640478,7.614588070407927e-06,12.18990735616912,1.7952980024893984e-07,5.455297993834929,5.610306257773996e-08,0.0,0.00014578163467446686,2.9708668127361213e-07,0.9999999994652204,3.270168597807381e-05,-3.985395833439363e-07,0.3299999999999738,-4.7750566670362194e-11,1.4662672698229232e-06,1.0452330812962168e-07,3.0976362570425603e-15,1.8906471295425783e-19,-1.4770680699551393e-21,1.8454793960756094e-17,-6.670751715479687,-0.00021743265765982752,13.386576532206858,-1.1878938987288954e-08,0.0003644413561439756,-0.0009667024759661274,7.5749721109708155,97.96105031967599,7.59859710665518,2.840773628754382,2.1916382361018605e-05,-0.120049281182516,7.714934459664653e-06,-1912.0376434391922,-0.10443692297023001,0.0,681.7424601955754,681.7424601955754,1680.2806396484375,True,0.0,527,6.494722184509016e-05,-0.11940078811405223,7.509845434321465e-06,True,528,compliant-rolling,-15.93525020362549,-0.0008712179053480492,5.681187168296462,1954.8586145838053,1954.8689676975623,36231.27818707821,31050.802684794366,-0.012747887651133598,-6.982002268618173e-07,-0.11945204579292186,7.613101487077889e-06,12.188148004005603,1.798739541376468e-07,5.450987726298951,5.621061066809611e-08,0.0,0.000145504230847599,2.9311105904258256e-07,0.9999999994652204,3.270168597807381e-05,-3.985395833439363e-07,0.3299999999999738,-4.7755627015177977e-11,1.466422656890024e-06,1.0453438920678e-07,3.0979658866020464e-15,1.8908483194592568e-19,-1.4772252495775444e-21,1.845676171787672e-17,-6.670270988765626,-0.00021741698840821926,-13.385606740118288,-1.1886702173336118e-08,0.0003646795277562764,-0.0009673288417856898,1,0.9052039793303592,0.9052039793303593,0.1149045932698991,True,hold,527,0.11495248524132627,1,0.905147051275673,0.9051470512756731,0.1148419080955073,True,hold,527,0.11488979904856438,1,0.6237932337270081,0.6237932337270082,0.12012709667506792,True,hold,527,0.12015016533313021,1,0.6237579236162122,0.6237579236162123,0.12003993298348103,True,hold,527,0.12006657363193804,True,True,0.0,1.0,False,-0.1149045932698991,-0.1148419080955073,-0.12012709667506792,-0.12003993298348103,0.0,0.0,0.0,0.0,527,527,527,527,True,0.0,-0.0,1.3154391126590781e-05,2.5410022226151214e-06,-1.3154391126590781e-05,-0.0,-0.04598989839269052,-0.04598989839269052,0.04598989839269052,1,1,1,1,1.0,False,527,0.0,2.5410022226151214e-06,94.24777896762919,94.24778069657407,1,12.025,0.0,23.99999847560368,0.2546479058579598,engaged,0.0,0.0,0.0,3.163442711643562,0.0,0.0,91.08433730790993,2.007998222973201e-06,-2.2189722800642188e-05,-0.0009285561440708542,18.84955484255373,18.849555929425414,0.0,0.0,2.8386700166300995,37.073856370436786
294,2.45,0,0.0,1,1,,,,-0.0009434768580831587,37.20038986206055,0.41858571767807007,0.0019069825066253543,2.3106632232666016,-1.3696166276931763,2.0263065380277112e-05,-0.840980052947998,38.29855728149414,0.32990574836730957,0.902542769908905,0.43060028553009033,7.323590125452029e-06,1.4939782886358444e-05,0.8390198945999146,38.298614501953125,0.32990574836730957,0.902736485004425,0.43019402027130127,7.3168653216271196e-06,1.494307980465237e-05,-0.8409067988395691,36.09792709350586,0.32990574836730957,0.4504926800727844,0.8927801251411438,1.4933116290194448e-05,7.337172974075656e-06,0.8390931487083435,36.097984313964844,0.32990574836730957,0.4513201117515564,0.892362117767334,1.4926310541341081e-05,7.351013209699886e-06,asphalt,0.0,0.0,1,900.0000089651485,1,-10.556761741638184,-6.635961472056806e-05,2.4165020846973277,160.00064705976044,-0.0,8306.189295490376,3465.810704509624,1.0449483852426056e-05,0.00012537462211351563,True,-0.0,True,0,0,-7.195806392701343e-05,2.3106632232666016,0.08174768090248108,False,True,-0.8409798741340637,38.29066467285156,-7.450580596923828e-09,0.0,0.0,1.0,4205.6953125,4205.6953125,0.31240585446357727,0.08759415149688721,0.0,asphalt,True,0.8390200138092041,38.29072570800781,0.0,0.0,0.0,1.0,4205.71875,4205.71875,0.3124052584171295,0.08759474754333496,0.0,asphalt,True,-0.8409066796302795,36.09004211425781,0.0,0.0,0.0,1.0,1680.31201171875,1680.31201171875,0.36500534415245056,0.034994661808013916,0.0,asphalt,True,0.8390932679176331,36.09009552001953,1.4901161193847656e-08,0.0,0.0,1.0,1680.3309326171875,1680.3309326171875,0.3650047481060028,0.03499525785446167,0.0,asphalt,534,6.202039649105436,99.61674476015597,6.225666300675424,2.31274742323352,-5.791255035506778e-06,-0.1150468643293731,-2.504058583015412e-06,-4342.132367751833,0.06402828858769974,0.0,1484.027611873364,1484.027611873364,4205.69580078125,True,0.0,533,8.358618771281588e-05,-0.1142458248440091,-2.6881996850910687e-06,True,534,compliant-rolling,-36.187296021821126,0.0005282547189097643,12.366896765611367,4464.016410994857,4464.015944549811,82735.91717162186,67726.78496697688,-0.028949288778505923,4.17178518129143e-07,-0.11435875772486052,-2.0600183591034807e-06,62.854599071652515,5.70341464196965e-07,9.661152299067453,1.7823170756168888e-07,0.0,0.0002609490240558024,1.4515108683282873e-06,0.9999999994463358,3.327466763925595e-05,-3.5355617436359264e-07,0.3299999999999794,-3.2550774024615384e-11,9.820621878379083e-07,1.1446870346042485e-07,0.0,0.0,0.0,0.0,-15.147487424711848,-0.0005027086420940801,30.397334033894445,7.338437562806145e-09,-0.0002211199119963332,-0.0005759575404906167,6.202518814629285,99.61765143210283,6.226145466199273,2.3127649933009535,-5.791308725853732e-06,-0.11498521693458184,-2.504062774478367e-06,-4341.838132874005,0.06406011572820369,0.0,1483.9342817433892,1483.9342817433892,4205.72314453125,True,0.0,533,8.358618771281588e-05,-0.1141841218674902,-2.68820313923674e-06,True,534,compliant-rolling,-36.184845027724876,0.0005284582497153441,12.366119014528243,4464.042531908817,4464.0383339059335,82736.40129568745,67727.15924936486,-0.028947324663105015,4.173510041389611e-07,-0.11429688838350056,-2.0574497442582633e-06,62.84607039940423,5.713769666128664e-07,9.655337338605351,1.7855530206645157e-07,0.0,0.00026056659174747226,1.4574651073595312e-06,0.9999999994463358,3.327466763925595e-05,-3.5355617436359264e-07,0.3299999999999794,-3.255328777785315e-11,9.821380281806003e-07,1.1447754296080631e-07,0.0,0.0,0.0,0.0,-15.146461473443516,-0.0005026745932413233,-30.395264746721004,7.341264983092967e-09,-0.00022120510709674085,-0.0005761822409349904,6.1657925992949485,98.3001020803331,6.189419250864936,2.3127474232332013,1.722367908683457e-05,-0.1202188629302648,7.447280629735863e-06,-1912.142135407567,-0.10231597049693264,0.0,681.7810527342708,681.7810527342708,1680.3045654296875,True,0.0,533,8.358618771281588e-05,-0.11942250502052017,7.263464272801356e-06,True,534,compliant-rolling,-15.936325850694057,-0.0008537869346499017,5.68150877278559,1954.8836665523074,1954.8914633311442,36231.74249934775,31051.17850108154,-0.01274872046448799,-6.851855525741466e-07,-0.11949431764644418,7.463347948756801e-06,12.189740546335058,2.27191158402886e-07,4.447399516929481,7.099723700093148e-08,0.0,0.0001659342656316417,4.6186238918934407e-07,0.9999999994463358,3.327466763925595e-05,-3.5355617436359264e-07,0.3299999999999794,-3.236022805983429e-11,9.763133835812071e-07,1.1379850981625817e-07,0.0,0.0,0.0,0.0,-6.6707188646302535,-0.00022138510026149967,13.38651636357585,-1.1860682813610702e-08,0.0003573830420326083,-0.0009479765989975737,6.166423335859844,98.30195074416011,6.190049987429831,2.3127649933012555,1.7223705187570983e-05,-0.12013554912513426,7.447235338281102e-06,-1912.0052512582981,-0.1023884742937245,0.0,681.7424601955754,681.7424601955754,1680.3240966796875,True,0.0,533,8.358618771281588e-05,-0.11933911602009761,7.263419728825529e-06,True,534,compliant-rolling,-15.935187131623085,-0.000854336098157684,5.681187168296462,1954.9041171123947,1954.9112748028092,36232.12152928171,31051.48528929231,-0.012747816150109892,-6.856372955786227e-07,-0.11941146343899067,7.461249520844973e-06,12.188011280032581,2.2681713109889516e-07,4.444026849777772,7.088035346842627e-08,0.0,0.00016717125818579986,4.571200430689191e-07,0.9999999994463358,3.327466763925595e-05,-3.5355617436359264e-07,0.3299999999999794,-3.236354672481378e-11,9.764135082818777e-07,1.1381018343615554e-07,0.0,0.0,0.0,0.0,-6.670242687962607,-0.00022136929710423159,-13.385553719426593,-1.1868312557473872e-08,0.0003576129395110756,-0.0009485883533231355,1,0.9052039793303592,0.9052039793303593,0.11502226364917018,True,hold,533,0.11509014709031562,1,0.905147051275673,0.9051470512756731,0.11496075849509935,True,hold,533,0.1150289565476341,1,0.6237932337270081,0.6237932337270082,0.12020077890553836,True,hold,533,0.12025109968803342,1,0.6237579236162122,0.6237579236162123,0.12011663652012597,True,hold,533,0.12016698925017955,True,True,0.0,1.0,False,-0.11502226364917018,-0.11496075849509935,-0.12020077890553836,-0.12011663652012597,0.0,0.0,0.0,0.0,533,533,533,533,True,0.0,-0.0,1.0837910849659238e-05,2.1881999543245395e-06,-1.0837910849659238e-05,-0.0,-0.03937493897024069,-0.03937493897024069,0.03937493897024069,1,1,1,1,1.0,False,533,0.0,2.1881999543245395e-06,94.24777866500204,94.24778054652194,1,12.025,0.0,23.999998688659122,0.2546479062897004,engaged,0.0,0.0,0.0,20.1001899077641,0.0,0.0,74.14759009141994,1.6378632994235143e-06,-2.2199602225765477e-05,-0.0009289248406182168,18.84955499892218,18.84955593945392,0.0,0.0,2.310663224387051,37.20038987879736
300,2.5,0,0.0,1,1,,,,-0.000946645624935627,37.30052185058594,0.4185856580734253,0.0019325818866491318,1.7827008962631226,-1.3695844411849976,1.657581378822215e-05,-0.8409836292266846,38.39868927001953,0.32990574836730957,0.9525940418243408,0.3042442798614502,5.267770120553905e-06,1.60181680257665e-05,0.839016318321228,38.398746490478516,0.32990574836730957,0.9527354836463928,0.3038010001182556,5.260315447230823e-06,1.602062002348248e-05,-0.840909481048584,36.19805908203125,0.32990574836730957,0.5667372345924377,0.8238986134529114,1.3974124158266932e-05,9.43689519772306e-06,0.8390904664993286,36.198116302490234,0.3299056887626648,0.5675069689750671,0.8233686685562134,1.3965297512186226e-05,9.449952813156415e-06,asphalt,0.0,0.0,1,900.0000061239964,1,-10.555904388427734,-5.034462083131075e-05,1.4697850304898512,160.00034675766648,-0.0,8305.867588837944,3466.132411162056,7.894399459473789e-06,0.00010088231470993497,True,-0.0,True,0,0,-5.7100554840872064e-05,1.7827008962631226,0.08174927532672882,False,True,-0.840983510017395,38.39080047607422,7.450580596923828e-09,0.0,0.0,1.0,4205.6689453125,4205.6689453125,0.31240639090538025,0.08759361505508423,0.0,asphalt,True,0.8390164375305176,38.3908576965332,-7.450580596923828e-09,0.0,0.0,1.0,4205.6884765625,4205.6884765625,0.31240585446357727,0.08759415149688721,0.0,asphalt,True,-0.8409093618392944,36.1901741027832,2.60770320892334e-08,0.0,0.0,1.0,1680.3304443359375,1680.3304443359375,0.36500462889671326,0.03499537706375122,0.0,asphalt,True,0.8390906453132629,36.19022750854492,-1.4901161193847656e-08,0.0,0.0,1.0,1680.3387451171875,1680.3387451171875,0.36500421166419983,0.03499579429626465,0.0,asphalt,540,4.785175098936667,99.88877531209896,4.808800154219436,1.7847871022672601,-4.895987186375559e-06,-0.11524025434571251,-2.743177144290085e-06,-4342.121059984805,0.06983752796587213,0.0,1484.027611873364,1484.027611873364,4205.673828125,True,0.0,539,0.00011195010044044425,-0.11420199622643352,-2.8925182966041002e-06,True,540,compliant-rolling,-36.18743997611682,0.0005776748719169204,12.366896765611367,4463.995420962405,4463.990756509259,82735.52814312678,67726.48420407918,-0.02894935776237604,4.5791127013783333e-07,-0.1143605227000362,-2.2469578587303657e-06,62.85489862977934,6.69420337760519e-07,7.475506978597078,2.0919385554992163e-07,0.0,0.0002826043716010575,1.1508374451971385e-06,0.9999999994313378,3.372300123275151e-05,-2.8921988343351135e-07,0.3299999999999862,-1.9300977646863332e-11,5.743761784141118e-07,1.0301336713411732e-07,0.0,0.0,0.0,0.0,-15.147543367815809,-0.0005098240790638575,30.39745367743341,8.138529826032175e-09,-0.0002418064162768657,-0.000629842897749188,4.785534809697169,99.88970281134793,4.8091598649799385,1.7848003742212297,-4.895991656327522e-06,-0.11518032492061138,-2.7431592502055207e-06,-4341.824195147093,0.06987153817611566,0.0,1483.9342817433892,1483.9342817433892,4205.6875,True,0.0,539,0.00011195010044044425,-0.11414199968201652,-2.8924828571801074e-06,True,540,compliant-rolling,-36.184965439515864,0.0005778941055266534,12.366119014528243,4464.008481428331,4464.009414318592,82735.77020532537,67726.67134546547,-0.028947379497056645,4.580979287379778e-07,-0.1143005951165838,-2.2435551505530457e-06,62.84630849673519,6.688572707630846e-07,7.471125629995347,2.0901789711356589e-07,0.0,0.00028272941140424407,1.1568488654189937e-06,0.9999999994313378,3.372300123275151e-05,-2.8921988343351135e-07,0.3299999999999862,-1.9302432194047892e-11,5.7441946417402e-07,1.0302113170080342e-07,0.0,0.0,0.0,0.0,-15.14650864068086,-0.0005097892530332699,-30.39536500461122,8.141619062237356e-09,-0.00024189820154420206,-0.0006300801160306366,4.7573395306479505,98.57054668142206,4.78096458593072,1.7847871015626766,1.2488901360261304e-05,-0.12038693929421211,6.997417982863484e-06,-1912.101904337592,-0.09879123129528224,0.0,681.7810527342708,681.7810527342708,1680.3253173828125,True,0.0,539,0.00011195010044044425,-0.11935472111432144,6.852819329264293e-06,True,540,compliant-rolling,-15.936255805158764,-0.000824586626409394,5.68150877278559,1954.9053952716106,1954.9107635393048,36232.14521863795,31051.504463537727,-0.012748618800033347,-6.628025147495437e-07,-0.11946181495486788,7.205737732674713e-06,12.189546131090315,2.9811847228659856e-07,3.4405712611981767,9.316202258947356e-08,0.0,0.00019091566740980152,6.291459171493199e-07,0.9999999994313378,3.372300123275151e-05,-2.8921988343351135e-07,0.3299999999999862,-1.9188505329150485e-11,5.710291234767029e-07,1.0241300613765847e-07,0.0,0.0,0.0,0.0,-6.670688594587954,-0.00022451678050207624,13.386456336170596,-1.1617128695096336e-08,0.0003451601600332183,-0.0009155545912569462,4.7578023470130475,98.57242229587813,4.781427402295817,1.7848003742211975,1.2488927076163978e-05,-0.1203079082727409,6.997380354881269e-06,-1911.9662045212863,-0.0988617225419292,0.0,681.7424601955754,681.7424601955754,1680.3388671875,True,0.0,539,0.00011195010044044425,-0.11927560019120478,6.852782222097408e-06,True,540,compliant-rolling,-15.935125858375375,-0.0008251056860573717,5.681187168296462,1954.919582832675,1954.9194550168604,36232.40817037669,31051.717297521503,-0.012747716662100407,-6.632331219101032e-07,-0.11938290590375335,7.202388332084651e-06,12.187821040280287,2.980927086133436e-07,3.4380736742980877,9.315397144163557e-08,0.0,0.00019129479377471187,6.23245744586276e-07,0.9999999994313378,3.372300123275151e-05,-2.8921988343351135e-07,0.3299999999999862,-1.9190377836531006e-11,5.710848472859319e-07,1.0242300221140293e-07,0.0,0.0,0.0,0.0,-6.670215140132877,-0.0002245008453450889,-13.385502489143466,-1.1624440601550719e-08,0.0003453774063828269,-0.0009161335027645346,1,0.9052039793303592,0.9052039793303593,0.11520090953845898,True,hold,539,0.1153082446579349,1,0.905147051275673,0.9051470512756731,0.11514033352599472,True,hold,539,0.11524932288249651,1,0.6237932337270081,0.6237932337270082,0.12035024508529209,True,hold,539,0.12044871650313348,1,0.6237579236162122,0.6237579236162123,0.1202702449541423,True,hold,539,0.12037065055890545,True,True,0.0,1.0,False,-0.11520090953845898,-0.11514033352599472,-0.12035024508529209,-0.1202702449541423,0.0,0.0,0.0,0.0,539,539,539,539,True,0.0,-0.0,8.291786798508838e-06,1.7607285487214734e-06,-8.291786798508838e-06,-0.0,-0.02276528263109867,-0.02276528263109867,0.02276528263109867,1,1,1,1,1.0,False,539,0.0,1.7607285487214734e-06,94.24777838833953,94.2477802489972,1,12.025,0.0,23.999999021708295,0.2546479069645991,engaged,0.0,0.0,0.0,37.03786285451326,0.0,0.0,57.209917038063054,1.2363993032698974e-06,-2.2196812862365955e-05,-0.0009287234454116884,18.849555232106482,18.84955593262747,0.0,0.0,1.7827008971775984,37.3005218673729
306,2.55,0,0.0,1,1,,,,-0.0009490359225310385,37.37423324584961,0.4185861051082611,0.0019500198541209102,1.2525047063827515,-1.3720594644546509,1.2740985766868107e-05,-0.8409863710403442,38.47239303588867,0.3299053907394409,0.9779946208000183,0.20863009989261627,3.6584387999027967e-06,1.661686837906018e-05,0.8390135765075684,38.472450256347656,0.3299053907394409,0.97809237241745,0.20817120373249054,3.6506417018244974e-06,1.6618585505057126e-05,-0.8409114480018616,36.271766662597656,0.3299054205417633,0.6411876082420349,0.7673841714859009,1.3127906640875153e-05,1.0824167475220747e-05,0.839088499546051,36.27182388305664,0.3299054801464081,0.6419161558151245,0.7667747735977173,1.31176193463034e-05,1.0836631190613844e-05,asphalt,0.0,0.0,1,900.0000059571489,1,-10.694994926452637,1.085770782083273e-05,0.7560126776720122,160.10502609475876,-0.0,8307.234403551796,3464.7655964482037,4.217551577312406e-06,7.644521816183338e-05,True,-0.0,True,0,0,-4.067750705871731e-05,1.2525047063827515,0.08193706721067429,False,True,-0.8409861922264099,38.46449661254883,-3.725290298461914e-08,0.0,0.0,1.0,4229.39013671875,4229.39013671875,0.31235966086387634,0.08764034509658813,0.0,asphalt,True,0.8390138149261475,38.46455001831055,0.0,0.0,0.0,1.0,4229.392578125,4229.392578125,0.3123593032360077,0.08764070272445679,0.0,asphalt,True,-0.8409112691879272,36.26386260986328,-2.60770320892334e-08,0.0,0.0,1.0,1666.2294921875,1666.2294921875,0.3650530278682709,0.034946978092193604,0.0,asphalt,True,0.8390886783599854,36.263919830322266,3.725290298461914e-08,0.0,0.0,1.0,1666.2447509765625,1666.2447509765625,0.36505255103111267,0.03494745492935181,0.0,asphalt,546,3.0473552437326865,100.08667156724002,3.0675571111255353,1.2542907666655565,-1.8684669526654955e-06,-0.1982503123217986,-1.4896601348914502e-06,-4466.193014550163,0.06827954634832015,0.0,1559.6486194260476,1559.6486194260476,4214.65576171875,True,0.0,545,0.00013365128764625494,-0.1968904378619201,-1.6017800227255451e-06,True,546,compliant-rolling,-37.11017301811997,0.0005767622311318656,12.997071828550396,4472.574766511401,4486.644760271881,82894.53742028361,67849.4097645286,-0.029491684155478374,4.671905201023158e-07,-0.16299688070179758,-3.0385147198860625e-06,65.23195759085709,0.015216685516818217,7.196168719609369,0.004755214224005674,0.0,-0.04244039122840667,-1.7990316670272178e-06,0.9999999994209909,3.402893908829065e-05,-2.2230837151043842e-07,0.32999999999999186,-7.027056635051902e-12,2.0725151858162452e-07,7.713405708808149e-08,0.0,0.0,0.0,0.0,-15.533786185033161,-0.0005280525317988415,31.172546982565684,8.206934423248868e-09,-0.0002414243979307365,-0.0006288458021119048,3.047611251589948,100.08761354600117,3.0678131189827966,1.2542978575168267,-1.8684511254979567e-06,-0.19818749031773245,-1.4896390951313644e-06,-4466.113045044432,0.0682959072884688,0.0,1559.600702139597,1559.600702139597,4214.66455078125,True,0.0,545,0.00013365128764625494,-0.1968275135429976,-1.6017712930385845e-06,True,546,compliant-rolling,-37.10914636669476,0.0005768880624384521,12.996672517829975,4472.583160734692,4486.647091187143,82894.69299851157,67849.53003122342,-0.029490556947998875,4.6732055846780946e-07,-0.1628629826490038,-3.041009344151848e-06,65.22697119911649,0.015269167571428571,7.190678107215405,0.004771614866071352,0.0,-0.042529502844599706,-1.8021764817026323e-06,0.9999999994209909,3.402893908829065e-05,-2.2230837151043842e-07,0.32999999999999186,-7.027569927744954e-12,2.0726665758856317e-07,7.713973170427988e-08,0.0,0.0,0.0,0.0,-15.533357549409715,-0.0005280379608421227,-31.171679390433262,8.208725501634202e-09,-0.00024147708630358383,-0.0006289830603656113,1.8988509648726017,98.75751163553949,1.9190528322654505,1.2542907666657162,7.420636182524087e-06,-0.5004182163648621,5.916200915808224e-06,-1867.2783510647769,-0.05600618052533549,0.0,881.8536894879752,881.8536894879752,1675.195068359375,True,0.0,545,0.00013365128764625494,-0.4995708589480718,5.81047184235314e-06,True,546,compliant-rolling,-15.708265178905469,-0.000519501622825334,7.3487807457331265,1949.5328547819297,1940.139898168014,36132.570749363906,30970.902392692467,-0.01267699946776733,-4.788231802671567e-07,-0.5269406675844183,1.844241108668844e-05,12.052973680128359,0.006604937973247431,9.00700788585433,0.002064043116639819,0.0,0.034271569100322474,1.581729651473801e-05,0.9999999994209909,3.402893908829065e-05,-2.2230837151043842e-07,0.32999999999999186,-4.947593054429348e-12,1.4591907930425732e-07,5.4010457898956975e-08,0.0,0.0,0.0,0.0,-6.575254981447687,-0.00022351794976563746,13.194943509927107,-7.392155423361084e-09,0.00021745594401726586,-0.0005768165864353472,1.89953238549888,98.75940948092854,1.9197342528917287,1.2542978569146725,7.420635851215688e-06,-0.500241761748256,5.916167208785977e-06,-1867.338507929585,-0.05605732963051679,0.0,881.8338754179421,881.8338754179421,1675.2119140625,True,0.0,545,0.00013365128764625494,-0.4993941080586052,5.810438509894891e-06,True,546,compliant-rolling,-15.708805459962184,-0.0005199769015940062,7.34861562848285,1949.5504987639536,1940.1558886152106,36132.897762282526,30971.16711845907,-0.012677162405055101,-4.792108749337443e-07,-0.5267352384057428,1.844790061883151e-05,12.053283515533913,0.006583381198091789,9.003326147616047,0.0020573066244036877,0.0,0.034235852828680156,1.5824301609544865e-05,0.9999999994209909,3.402893908829065e-05,-2.2230837151043842e-07,0.32999999999999186,-4.949006576362909e-12,1.4596076939090658e-07,5.402605636584033e-08,0.0,0.0,0.0,0.0,-6.5754801990475595,-0.00022352560576929304,-13.195395018043481,-7.3989172640196475e-09,0.00021765485791442983,-0.0005773442435535081,1,1,0.9513301001720391,,False,normal,545,,1,1,0.9513008723342099,,False,normal,545,,1,1,0.8068490058995529,,False,normal,545,,1,1,0.8068308770841953,,False,normal,545,,True,True,0.0,1.0,False,-0.1491228339243763,-0.14907382808184408,-0.23821851482073922,-0.2381030372549304,0.0,0.0,0.0,0.0,545,545,545,545,True,0.0,-0.0,5.240561677055666e-06,1.3342207543293598e-06,-5.240561677055666e-06,0.0,-0.022631412116425054,-0.022631412116425054,0.022631412116425054,1,1,1,1,1.0,False,545,0.0,1.3342207543293598e-06,94.2477782438941,94.24778023152497,1,12.025,0.0,23.99999944471737,0.2546479078217947,engaged,0.0,0.0,0.0,71.45535983445461,0.0,0.0,22.792420165076337,6.827978243855825e-07,-1.0307413815816264e-05,-0.00043110197980055366,18.84955556165407,18.849555990712908,0.0,0.0,1.2525047070432918,37.37423326267534
312,2.6,0,0.0,1,1,,,,-0.0009505197522230446,37.4218864440918,0.4186147451400757,0.0019521055510267615,0.7428514361381531,-1.3839049339294434,6.389617738022935e-06,-0.8409879207611084,38.52003860473633,0.3299037218093872,0.9827877879142761,0.18473808467388153,3.2016102977650007e-06,1.6730493371142074e-05,0.8390120267868042,38.52009582519531,0.32990366220474243,0.9828771948814392,0.18426194787025452,3.1935048809828004e-06,1.67320449691033e-05,-0.840912938117981,36.319393157958984,0.3299037516117096,0.6435004472732544,0.7654457092285156,1.3074462913209572e-05,1.0918708539975341e-05,0.8390870094299316,36.31945037841797,0.3299036920070648,0.6442272067070007,0.7648340463638306,1.3064084669167642e-05,1.093112223315984e-05,asphalt,0.0,0.0,1,900.0000021772079,1,-10.11128044128418,-5.462177796289325e-06,0.287346803920336,132.26039603512038,-0.0,8287.588410670558,3484.411589329442,-6.333006581371592e-07,0,True,-0.0,True,0,0,-2.23681145143928e-05,0.7428514361381531,0.08238731324672699,False,True,-0.8409876823425293,38.51206970214844,0.0,0.0,0.0,1.0,4214.5458984375,4214.5458984375,0.31216272711753845,0.08783727884292603,0.0,asphalt,True,0.8390122652053833,38.512123107910156,-2.9802322387695312e-08,0.0,0.0,1.0,4214.53955078125,4214.53955078125,0.3121626675128937,0.0878373384475708,0.0,asphalt,True,-0.8409126996994019,36.311424255371094,3.725290298461914e-09,0.0,0.0,1.0,1664.384521484375,1664.384521484375,0.36531123518943787,0.03468877077102661,0.0,asphalt,True,0.8390873074531555,36.31147766113281,-1.4901161193847656e-08,0.0,0.0,1.0,1664.384033203125,1664.384033203125,0.36531105637550354,0.03468894958496094,0.0,asphalt,552,-0.00028173487240161325,100.13520175158158,0.023847002007188388,0.7449901320943282,4.401137837835405e-06,-0.7450831046022207,4.401137837806988e-06,-4206.074111835054,0.005956850097869719,0.0,1628.6414109101836,1383.2976115411118,4224.63818359375,True,0.0,551,5.060075898456003e-05,-0.7429699469330592,4.444763905698884e-06,True,552,compliant-rolling,-34.9537004133597,6.137348687369919e-05,11.538649077813425,4482.107611697328,4472.469838572578,83071.21882489718,67985.98178264021,-0.027937141199445424,7.772251336437636e-08,-0.7274670150148183,-1.2567630010579185e-06,58.53628938028437,0.00101697556985563,26.480044916515702,0.0003178048655798746,0.0,-0.015502931918240882,-5.701526906786735e-06,0.9999999994196804,3.4067974603150195e-05,-1.1148734505268123e-07,0.32999999999999796,-1.7205479583905905e-15,4.9862152413160054e-11,-1.6911171509096685e-10,0.0,0.0,0.0,0.0,-14.63191979124904,-0.0004985569500667027,29.361109063991528,8.753916772432858e-10,-2.5691469762154627e-05,-6.691010451985337e-05,-0.0002817348726012227,100.13617323658923,0.023847002006988777,0.7449890653012503,4.401135459908516e-06,-0.7450820378092087,4.4011354598800995e-06,-4206.061768367747,0.005975155994602189,0.0,1628.63492601065,1383.2935381970833,4224.6279296875,True,0.0,551,5.060075898456003e-05,-0.7429688822658361,4.444761473896148e-06,True,552,compliant-rolling,-34.953584278127806,6.154105979220211e-05,11.538610753186894,4482.097820751133,4472.4637760610885,83071.03735985792,67985.8415212301,-0.027937119379087872,7.788414787650379e-08,-0.7274750207612694,-1.26270471294729e-06,58.53619794056048,0.0010155168228313765,26.480392239668035,0.00031734900713481897,0.0,-0.015493861504566806,-5.707466186873379e-06,0.9999999994196804,3.4067974603150195e-05,-1.1148734505268123e-07,0.32999999999999796,-1.7205479583897476e-15,4.986215241313684e-11,-1.691117150905606e-10,0.0,0.0,0.0,0.0,-14.631871176041557,-0.000498555293588953,-29.36100618959351,8.777818288488269e-10,-2.5761617227908588e-05,-6.709255835602354e-05,-0.0002817348727653917,98.76334132390518,0.02384700200682461,0.7449901320943211,3.0027950578994834e-06,-0.7450831046023336,3.0027950578904582e-06,-1811.8602165989125,-0.01016214788173912,0.0,1064.3898676738188,593.2070261135086,1657.72705078125,True,0.0,551,5.060075898456003e-05,-0.7429699469331417,3.05014760929061e-06,True,552,compliant-rolling,-15.066615842344715,-8.704244138424094e-05,4.975911169378531,1931.2274834643026,1938.2063532456343,35793.29966572704,30696.181369690974,-0.011992677069840245,-7.924186089909434e-08,-0.7300112908102658,4.774278862388825e-06,10.786822748081345,0.00143953056730345,11.34794202428641,0.0004498533022823315,0.0,-0.012958656122875814,1.724131253125031e-06,0.9999999994196804,3.4067974603150195e-05,-1.1148734505268123e-07,0.32999999999999796,-1.720547958394644e-15,4.9862152413279737e-11,-1.6911171509077735e-10,0.0,0.0,0.0,0.0,-6.307015049156002,-0.00021490045269470352,12.65595672576105,-1.2415170236539707e-09,3.643671501750144e-05,-9.665484874006824e-05,-0.00028173487288622213,98.7652457502501,0.023847002006703776,0.744989064582113,3.0027926252197035e-06,-0.7450820370901654,3.0027926252106784e-06,-1811.8589017050151,-0.01015114720851672,0.0,1064.3871861310388,593.2065921986238,1657.7255859375,True,0.0,551,5.060075898456003e-05,-0.7429688822742512,3.050147652687885e-06,True,552,compliant-rolling,-15.066605227780304,-8.704576096725498e-05,4.975907666572281,1931.2259475950714,1938.2058414943888,35793.271199982795,30696.15831381725,-0.011992669278019232,-7.926275515995171e-08,-0.7300103722721207,4.7884137181367846e-06,10.786808731367167,0.001439497559511456,11.347920943352708,0.00044984298734733453,0.0,-0.012958510002130424,1.7382660654760382e-06,0.9999999994196804,3.4067974603150195e-05,-1.1148734505268123e-07,0.32999999999999796,-1.720547958397446e-15,4.986215241336166e-11,-1.6911171509085784e-10,0.0,0.0,0.0,0.0,-6.307011054827821,-0.00021490031659499113,-12.655948197550448,-1.241564460428284e-09,3.643810721768401e-05,-9.665853688253633e-05,1,1,0.9934132453216854,,False,normal,551,,1,1,0.9934092897639744,,False,normal,551,,1,1,0.9738598555059826,,False,normal,551,,1,1,0.9738574020376216,,False,normal,551,,True,True,0.0,1.0,False,-0.8284708586754469,-0.8284706144478264,-0.8284708586755588,-0.82847061510672,0.0,0.0,0.0,0.0,551,551,551,551,True,0.0,-0.0,-1.902623694149952e-07,3.6109443463108413e-06,1.902623694149952e-07,0.0,0.009548682206968806,0.009548682206968806,-0.009548682206968806,1,1,1,1,1.0,False,551,0.0,3.6109443463108413e-06,94.24777801434911,94.24777983569047,1,12.025,0.0,23.99999946483742,0.25464790786256647,engaged,0.0,0.0,0.0,94.24777993494376,0.0,-0.0,-5.104795887921549e-12,-1.0198617334418958e-07,-2.1733570323310012e-05,-0.0008997209526169247,18.849555571086015,18.849555980990303,0.0,0.0,0.7428514364749179,37.42188646094064
318,2.65,0,0.0,1,1,,,,-0.0009511571261100471,37.44392395019531,0.41864871978759766,0.0019438581075519323,0.22060739994049072,-1.371147632598877,3.244025492676883e-06,-0.8409883975982666,38.54208755493164,0.3299054801464081,0.9827672243118286,0.18484750390052795,3.163323526678141e-06,1.666514071985148e-05,0.839011549949646,38.542144775390625,0.32990553975105286,0.9828566908836365,0.18437138199806213,3.155249942210503e-06,1.6666668670950457e-05,-0.840913712978363,36.34145736694336,0.32990553975105286,0.6434152126312256,0.7655173540115356,1.3003441381442826e-05,1.0892383215832524e-05,0.8390862345695496,36.341514587402344,0.32990553975105286,0.6441420316696167,0.7649058699607849,1.2993089512747247e-05,1.0904731425398495e-05,asphalt,0.0,0.0,1,899.9999900222972,1,-10.721909523010254,-3.958438173867762e-05,0.040357103878215186,49.634304913383865,-0.0,8279.562319850604,3492.4376801493963,-4.40608755525318e-06,0,True,-0.0,True,0,0,-5.958186193311121e-06,0.22060739994049072,0.08259561657905579,False,True,-0.8409881591796875,38.53419494628906,-1.4901161193847656e-08,0.0,0.0,1.0,4185.3466796875,4185.3466796875,0.31243953108787537,0.08756047487258911,0.0,asphalt,True,0.8390117883682251,38.53424835205078,-7.450580596923828e-09,0.0,0.0,1.0,4185.353515625,4185.353515625,0.31243935227394104,0.08756065368652344,0.0,asphalt,True,-0.8409134745597839,36.333560943603516,3.725290298461914e-09,0.0,0.0,1.0,1703.7852783203125,1703.7852783203125,0.36509785056114197,0.03490215539932251,0.0,asphalt,True,0.8390864133834839,36.3336181640625,1.4901161193847656e-08,0.0,0.0,1.0,1703.7872314453125,1703.7872314453125,0.3650977313518524,0.03490227460861206,0.0,asphalt,558,-0.005497044608472702,100.13520175158158,0.023195461643960576,0.2231546533886501,6.550469031665867e-06,-0.22496867810944607,6.550469031572177e-06,-4446.95582317124,-0.028639758114906398,0.0,1637.978569886974,1462.4708002261277,4188.04736328125,True,0.0,557,5.268755960929053e-05,-0.22291239176237715,6.5132203251849984e-06,True,558,compliant-rolling,-36.98676118888348,-0.0002256000969997483,12.205512115169363,4447.1536785520875,4444.572602659744,82423.38390421808,67485.13615094441,-0.029421037671761987,-1.5744273903625944e-07,-0.1891122193554355,1.4898730658085153e-06,64.91980932810196,0.010725161467217505,7.83659287639721,0.0033516129585055236,0.0,-0.03380017240694164,-5.023347259467482e-06,0.9999999994245332,3.392536744152887e-05,-5.660271537106894e-08,0.3299999999999995,-2.5134710377134362e-14,7.399217193747916e-10,-9.027863257236195e-11,0.0,0.0,0.0,0.0,-15.484213298616396,-0.0005258762085490829,31.068880148635884,-3.20757265154079e-09,9.444568569530655e-05,0.00024596651499454356,-0.005497044608636781,100.13617323658923,0.023195461643796496,0.22314725453626455,6.550453226070289e-06,-0.22496127925711468,6.550453225976599e-06,-4446.95621847208,-0.02864488059597919,0.0,1637.9776922512585,1462.4709306757165,4188.04736328125,True,0.0,557,5.268755960929053e-05,-0.22290498850563745,6.5132210361079825e-06,True,558,compliant-rolling,-36.98677668307821,-0.00022565005895087373,12.205517228251775,4447.1536785520875,4444.5791360578905,82423.38390421808,67485.13615094441,-0.029421057728827613,-1.574631422646606e-07,-0.18910742935769947,1.4878117799188868e-06,64.91989784308512,0.010724009692079846,7.836397222175794,0.0033512530287749314,0.0,-0.03379755914793797,-5.025409256280099e-06,0.9999999994245332,3.392536744152887e-05,-5.660271537106894e-08,0.3299999999999995,-2.5134710376701448e-14,7.39921719362048e-10,-9.027863257049764e-11,0.0,0.0,0.0,0.0,-15.484218682845903,-0.0005258763914087572,-31.06888975981977,-3.2082827800603854e-09,9.446659514374341e-05,0.0002460210243838461,-0.005497044608765666,98.76334132390518,0.023195461643667613,0.22315465338852986,-3.141296831437894e-06,-0.22496867810942253,-3.1412968314275614e-06,-1976.7503445633517,0.004147960021579675,0.0,1089.0934530495285,647.3029922860641,1702.3812255859375,True,0.0,557,5.268755960929053e-05,-0.222912391926009,-3.1841002703459546e-06,True,558,compliant-rolling,-16.430530948605686,2.6939543719747662e-05,5.421956135876365,1977.9843466436762,1979.4525088965797,36659.88966071126,31397.609193470304,-0.013040158180118748,9.732922810716461e-09,-0.20218577438046934,-4.960786703844692e-07,12.753429402195946,0.004092478629302029,3.706074781368617,0.0012788995716568928,0.0,-0.020726617545539668,2.6880215999722054e-06,0.9999999994245332,3.392536744152887e-05,-5.660271537106894e-08,0.3299999999999995,-2.5134710376409285e-14,7.399217193534476e-10,-9.027863256921773e-11,0.0,0.0,0.0,0.0,-6.878511547137742,-0.00023360861175899093,13.801645250429353,3.830253221564305e-10,-1.1278026445434585e-05,2.991252083994483e-05,-0.005497044608850489,98.7652457502501,0.023195461643582792,0.22314725453640624,-3.1412958367966993e-06,-0.2249612792573269,-3.1412958367863668e-06,-1976.7505106021601,0.0041573477381154095,0.0,1089.093090142177,647.3030470789816,1702.3804931640625,True,0.0,557,5.268755960929053e-05,-0.22290498866924316,-3.1840995594229688e-06,True,558,compliant-rolling,-16.430537677883876,2.7025429159234333e-05,5.421958356538296,1977.9835807475818,1979.4545511176318,36659.875465621015,31397.5977114052,-0.013040160925964,9.798130876771923e-09,-0.20217861696168304,-4.964714528340678e-07,12.753434773135071,0.004092609237791708,3.705950391587697,0.0012789403868099115,0.0,-0.020726371707560108,2.687628106599621e-06,0.9999999994245332,3.392536744152887e-05,-5.660271537106894e-08,0.3299999999999995,-2.5134710376314417e-14,7.399217193506549e-10,-9.027863256875076e-11,0.0,0.0,0.0,0.0,-6.878513874628537,-0.00023360869080543724,-13.801651550016937,3.8424641044108137e-10,-1.1313980898495205e-05,3.000787993409835e-05,1,1,0.9991085796900002,,False,normal,557,,1,1,0.999108044363477,,False,normal,557,,1,1,0.9964623161410562,,False,normal,557,,1,1,0.9964619841002207,,False,normal,557,,True,True,0.0,1.0,False,-0.31437288913688044,-0.31436640213907385,-0.3143728899951757,-0.3143664029969805,0.0,0.0,0.0,0.0,557,557,557,557,True,0.0,-0.0,-3.874840786011191e-06,6.048104427524115e-06,3.874840786011191e-06,0.0,0.0004073737043199799,0.0004073737043199799,-0.0004073737043199799,1,1,1,1,1.0,False,557,0.0,6.048104427524115e-06,94.24777813637175,94.2477785628312,1,12.025,0.0,24.000000984308233,0.25464790894703254,engaged,0.0,0.0,0.0,94.24777844792466,0.0,-0.0,-4.033653519885042e-12,-6.877022137513707e-07,-4.261274704186869e-05,-0.0017764645880762424,18.849556475286278,18.84955548288606,0.0,0.0,0.22060740002095036,37.44392396705338
320,2.6666666666666665,0,0.0,1,1,,,,-0.0009511898970231414,37.44536209106445,0.41866299510002136,0.001939054811373353,0.04178880527615547,-1.3661327362060547,3.132368647129624e-06,-0.840988278388977,38.54352951049805,0.3299062252044678,0.9827591776847839,0.1848905086517334,3.1553502140013734e-06,1.6624013369437307e-05,0.8390116691589355,38.54358673095703,0.3299062252044678,0.982848584651947,0.18441438674926758,3.1472964110434987e-06,1.662553768255748e-05,-0.8409138321876526,36.3429069519043,0.3299061954021454,0.6433817148208618,0.7655455470085144,1.2971220712643117e-05,1.0865610420296434e-05,0.83908611536026,36.342960357666016,0.32990625500679016,0.6441085934638977,0.7649340629577637,1.2960892490809783e-05,1.0877923159569036e-05,asphalt,0.0,0.0,1,899.9999872261452,1,-10.719033241271973,-4.5277061872184277e-05,0.007222964192607666,20.988380561735113,-0.0,8286.36997830497,3485.6300216950294,-5.193520792090567e-06,0,False,-0.0,True,0,0,-6.403596444215509e-07,0.04178880527615547,0.08262398093938828,False,True,-0.840988039970398,38.53565979003906,0.0,0.0,0.0,1.0,4180.89453125,4180.89453125,0.3125492036342621,0.08745080232620239,0.0,asphalt,True,0.8390119075775146,38.53572082519531,-1.4901161193847656e-08,0.0,0.0,1.0,4180.8974609375,4180.8974609375,0.3125491440296173,0.08745086193084717,0.0,asphalt,True,-0.8409135937690735,36.33504104614258,-4.0978193283081055e-08,0.0,0.0,1.0,1705.437744140625,1705.437744140625,0.3650149405002594,0.03498506546020508,0.0,asphalt,True,0.8390862941741943,36.33509063720703,2.9802322387695312e-08,0.0,0.0,1.0,1705.443603515625,1705.443603515625,0.36501482129096985,0.03498518466949463,0.0,asphalt,560,-0.005161698282155043,100.13520175158158,0.023139019203003527,0.0443023925684619,6.488295376448295e-06,-0.04600575300157306,6.488295376357247e-06,-4442.349318412213,-0.04382152145698155,0.0,1638.6896767617025,1460.9512417669696,4183.0205078125,True,0.0,559,3.381507582792966e-05,-0.0439541413783479,6.443412124649442e-06,True,560,compliant-sliding,-37.01957765358695,-0.00034907604679559065,12.216135816584357,4442.34931862835,4440.317267027346,82334.34007280789,67416.2786938297,-0.02959123795618267,-2.5179809659709184e-07,-0.04029051639353569,3.9160515732081294e-07,65.67310228821212,0.0002036045015052332,2.3662068319061733,6.362640672038188e-05,0.0,-0.0036636249848122065,-6.05180696741778e-06,0.999999999427372,3.384158842772464e-05,-5.4654606142856986e-08,0.32999999999999957,-2.917388581028684e-14,8.609339459233579e-10,-2.293438604251444e-11,0.0,0.0,0.0,0.0,-15.498458051160346,-0.0005251631467559153,31.09644464036575,-4.952025031396458e-09,0.00014614268478565804,0.000380601420180265,-0.005161698282403442,100.13617323658923,0.02313901920275513,0.044293671573916005,6.488317087747112e-06,-0.04599703200710914,6.488317087656063e-06,-4442.353985385916,-0.043701599969609,0.0,1638.6892261685018,1460.9527818685074,4183.025390625,True,0.0,559,3.381507582792966e-05,-0.043945416700270246,6.4434136513125015e-06,True,560,compliant-sliding,-37.0196165450498,-0.00034802247132298056,12.216148650767096,4442.353985600872,4440.32006735328,82334.42657030618,67416.34558421814,-0.0295912704113917,-2.5117050538190124e-07,-0.04028199302310936,4.173894890778341e-07,65.67324634673945,0.00020358212313377344,2.3658946434432075,6.361941347930421e-05,0.0,-0.003663423677160888,-6.0260241623238145e-06,0.999999999427372,3.384158842772464e-05,-5.4654606142856986e-08,0.32999999999999957,-2.917388581027993e-14,8.609339459231546e-10,-2.2934386042202607e-11,0.0,0.0,0.0,0.0,-15.498475436564396,-0.000525163735857971,-31.09647437426561,-4.937079263910949e-09,0.00014570160975621729,0.0003794527976348208,-0.005161698282599587,98.76334132390518,0.02313901920255898,0.044302393412025194,-4.936371716280695e-06,-0.046005753845283055,-4.936371716240599e-06,-1980.3892255305004,0.0161473211845559,0.0,1090.9748486040849,648.5044111163919,1704.68115234375,True,0.0,559,3.381507582792966e-05,-0.0439541415326478,-4.9852168395584945e-06,True,560,compliant-sliding,-16.50324354619017,0.00012050052804669372,5.445745561143429,1980.3892255963297,1981.18027188427,36704.461599413014,31433.66113894048,-0.013177830106959158,7.646147342329886e-08,-0.04023943204602127,-3.0711666853871e-07,13.024140475029418,0.0002093219449354056,1.0537431148406902,6.541310779231346e-05,0.0,-0.0037147094866265364,4.678100171061073e-06,0.999999999427372,3.384158842772464e-05,-5.4654606142856986e-08,0.32999999999999957,-2.917388581027452e-14,8.609339459229954e-10,-2.2934386041956427e-11,0.0,0.0,0.0,0.0,-6.90917785204531,-0.0002341165534209214,13.862725341561942,1.7094317388417658e-09,-5.0448239293673895e-05,0.00013379360048828805,-0.005161698282705728,98.7652457502501,0.023139019202452843,0.044293669887509435,-4.936409429300731e-06,-0.04599703032080232,-4.936409429260634e-06,-1980.3933097576776,0.016146089114301907,0.0,1090.974662281238,648.5057589114529,1704.68505859375,True,0.0,559,3.381507582792966e-05,-0.04394541654655314,-4.985235124742404e-06,True,560,compliant-sliding,-16.503277581421436,0.00012073044765197678,5.445756792769747,1980.3933098234963,1981.1863979528298,36704.5372963302,31433.72236420828,-0.013177850621044868,7.661405816834126e-08,-0.04022969994560572,-3.312547357329741e-07,13.024181024733174,0.00020943546073749888,1.0535788209027088,6.544858148046966e-05,0.0,-0.003715716600947417,4.653980389050717e-06,0.999999999427372,3.384158842772464e-05,-5.4654606142856986e-08,0.32999999999999957,-2.9173885810270816e-14,8.609339459228862e-10,-2.2934386041822417e-11,0.0,0.0,0.0,0.0,-6.909191609254684,-0.0002341170195820931,-13.862751553946989,1.7126932779045116e-09,-5.0544492861081356e-05,0.000134049308851769,1,1,0.9995423295525928,,False,normal,559,,1,1,0.9995420547067915,,False,normal,559,,1,1,0.998183692545093,,False,normal,559,,1,1,0.9981835220696438,,False,normal,559,,True,True,0.0,1.0,False,-0.1354337276493287,-0.13542556371560607,-0.13543372849937224,-0.13542556286612364,0.0,0.0,0.0,0.0,559,559,559,559,True,0.0,-0.0,-4.864989023189992e-06,8.923654310950838e-06,4.864989023189992e-06,0.0,-0.007613694759356804,-0.007613694759356804,0.007613694759356804,1,1,1,1,1.0,False,559,0.0,8.923654310950838e-06,94.24777826492802,94.24777827001886,1,12.025,0.0,24.00000128865632,0.25464790894703254,engaged,0.0,0.0,0.0,94.24777815378394,0.0,-0.0,-5.981184181051327e-12,-8.182305870419103e-07,-4.119477202162636e-05,-0.0017237003906589823,18.84955665581764,18.849555365879944,0.0,0.0,0.04178880528106182,37.445362107922904
